,timestamp,appliance_name,bid_price,bid_quantity
0,2016-08-01 00:00:00,house_1,15.250674419703149,2.16703
1,2016-08-01 00:00:00,house_2,15.250785910769574,2.16358
2,2016-08-01 00:00:00,house_3,15.250209828882777,2.56547
3,2016-08-01 00:00:00,house_4,15.250769043590552,2.17004
4,2016-08-01 00:00:00,house_5,15.250680167770893,2.16572
5,2016-08-01 00:00:00,house_6,15.250765600141195,2.16452
6,2016-08-01 00:00:00,Battery_1,27.13,3.9
7,2016-08-01 00:00:00,Battery_2,27.13,3.9
8,2016-08-01 00:00:00,Battery_3,27.13,3.9
9,2016-08-01 00:00:00,Battery_4,27.13,3.9
10,2016-08-01 00:00:00,Battery_5,27.13,3.9
11,2016-08-01 00:00:00,Battery_6,27.13,3.9
12,2016-08-01 00:00:00,unresponsive_loads,10000.0,2.9512
13,2016-08-01 00:00:00,WS_export,18.569999999999997,0.0
14,2016-08-01 00:05:00,house_1,15.138089633426722,2.16703
15,2016-08-01 00:05:00,house_2,15.138200879837635,2.16358
16,2016-08-01 00:05:00,house_3,15.137629863163195,2.56547
17,2016-08-01 00:05:00,house_4,15.13818324842447,2.17004
18,2016-08-01 00:05:00,house_5,15.138095353231623,2.16572
19,2016-08-01 00:05:00,house_6,15.138180002513641,2.16452
20,2016-08-01 00:05:00,Battery_1,27.13,3.9
21,2016-08-01 00:05:00,Battery_2,27.13,3.9
22,2016-08-01 00:05:00,Battery_3,27.13,3.9
23,2016-08-01 00:05:00,Battery_4,27.13,3.9
24,2016-08-01 00:05:00,Battery_5,27.13,3.9
25,2016-08-01 00:05:00,Battery_6,27.13,3.9
26,2016-08-01 00:05:00,unresponsive_loads,10000.0,2.3756
27,2016-08-01 00:05:00,WS_export,18.569999999999997,0.0
28,2016-08-01 00:10:00,house_1,15.039218672420995,2.16703
29,2016-08-01 00:10:00,house_2,15.03932935909638,2.16358
30,2016-08-01 00:10:00,house_3,15.03876210264954,2.56547
31,2016-08-01 00:10:00,house_4,15.03931147236241,2.17004
32,2016-08-01 00:10:00,house_5,15.039224393279754,2.16572
33,2016-08-01 00:10:00,house_6,15.039308466572042,2.16452
34,2016-08-01 00:10:00,Battery_1,27.13,3.9
35,2016-08-01 00:10:00,Battery_2,27.13,3.9
36,2016-08-01 00:10:00,Battery_3,27.13,3.9
37,2016-08-01 00:10:00,Battery_4,27.13,3.9
38,2016-08-01 00:10:00,Battery_5,27.13,3.9
39,2016-08-01 00:10:00,Battery_6,27.13,3.9
40,2016-08-01 00:10:00,unresponsive_loads,10000.0,2.3756
41,2016-08-01 00:10:00,WS_export,18.569999999999997,0.0
42,2016-08-01 00:15:00,house_1,14.953843340725385,2.16703
43,2016-08-01 00:15:00,house_2,14.953953690910192,2.16358
44,2016-08-01 00:15:00,house_3,14.953389968469603,2.56547
45,2016-08-01 00:15:00,house_4,14.95393535122697,2.17004
46,2016-08-01 00:15:00,house_5,14.95384905404738,2.16572
47,2016-08-01 00:15:00,house_6,14.953932558452673,2.16452
48,2016-08-01 00:15:00,Battery_1,27.13,3.9
49,2016-08-01 00:15:00,Battery_2,27.13,3.9
50,2016-08-01 00:15:00,Battery_3,27.13,3.9
51,2016-08-01 00:15:00,Battery_4,27.13,3.9
52,2016-08-01 00:15:00,Battery_5,27.13,3.9
53,2016-08-01 00:15:00,Battery_6,27.13,3.9
54,2016-08-01 00:15:00,unresponsive_loads,10000.0,2.3756
55,2016-08-01 00:15:00,WS_export,18.619999999999997,0.0
56,2016-08-01 00:20:00,house_1,14.882018648537608,2.16703
57,2016-08-01 00:20:00,house_2,14.882128778536503,2.16358
58,2016-08-01 00:20:00,house_3,14.881568207015508,2.56547
59,2016-08-01 00:20:00,house_4,14.882109947067741,2.17004
60,2016-08-01 00:20:00,house_5,14.882024363696237,2.16572
61,2016-08-01 00:20:00,house_6,14.882107352839132,2.16452
62,2016-08-01 00:20:00,Battery_1,27.13,3.9
63,2016-08-01 00:20:00,Battery_2,27.13,3.9
64,2016-08-01 00:20:00,Battery_3,27.13,3.9
65,2016-08-01 00:20:00,Battery_4,27.13,3.9
66,2016-08-01 00:20:00,Battery_5,27.13,3.9
67,2016-08-01 00:20:00,Battery_6,27.13,3.9
68,2016-08-01 00:20:00,unresponsive_loads,10000.0,2.3756
69,2016-08-01 00:20:00,WS_export,18.619999999999997,0.0
70,2016-08-01 00:25:00,house_1,14.824082505806583,2.16703
71,2016-08-01 00:25:00,house_2,14.824192516202013,2.16358
72,2016-08-01 00:25:00,house_3,14.823634605887927,2.56547
73,2016-08-01 00:25:00,house_4,14.8241731913988,2.17004
74,2016-08-01 00:25:00,house_5,14.824088226468657,2.16572
75,2016-08-01 00:25:00,house_6,14.824170787940224,2.16452
76,2016-08-01 00:25:00,Battery_1,27.13,3.9
77,2016-08-01 00:25:00,Battery_2,27.13,3.9
78,2016-08-01 00:25:00,Battery_3,27.13,3.9
79,2016-08-01 00:25:00,Battery_4,27.13,3.9
80,2016-08-01 00:25:00,Battery_5,27.13,3.9
81,2016-08-01 00:25:00,Battery_6,27.13,3.9
82,2016-08-01 00:25:00,unresponsive_loads,10000.0,2.5566
83,2016-08-01 00:25:00,WS_export,18.619999999999997,0.0
84,2016-08-01 00:30:00,house_1,14.780691997118435,2.16703
85,2016-08-01 00:30:00,house_2,14.780801997860284,2.16358
86,2016-08-01 00:30:00,house_3,14.780246194236875,2.56547
87,2016-08-01 00:30:00,house_4,14.78078215831639,2.17004
88,2016-08-01 00:30:00,house_5,14.780697719531265,2.16572
89,2016-08-01 00:30:00,house_6,14.780779948900552,2.16452
90,2016-08-01 00:30:00,Battery_1,27.13,3.9
91,2016-08-01 00:30:00,Battery_2,27.13,3.9
92,2016-08-01 00:30:00,Battery_3,27.13,3.9
93,2016-08-01 00:30:00,Battery_4,27.13,3.9
94,2016-08-01 00:30:00,Battery_5,27.13,3.9
95,2016-08-01 00:30:00,Battery_6,27.13,3.9
96,2016-08-01 00:30:00,unresponsive_loads,10000.0,2.5566
97,2016-08-01 00:30:00,WS_export,18.31,0.0
98,2016-08-01 00:35:00,house_1,14.75290027784927,2.16703
99,2016-08-01 00:35:00,house_2,14.753010373138581,2.16358
100,2016-08-01 00:35:00,house_3,14.752456100026441,2.56547
101,2016-08-01 00:35:00,house_4,14.752990026969876,2.17004
102,2016-08-01 00:35:00,house_5,14.752906016336357,2.16572
103,2016-08-01 00:35:00,house_6,14.752987991443987,2.16452
104,2016-08-01 00:35:00,Battery_1,27.13,3.9
105,2016-08-01 00:35:00,Battery_2,27.13,3.9
106,2016-08-01 00:35:00,Battery_3,27.13,3.9
107,2016-08-01 00:35:00,Battery_4,27.13,3.9
108,2016-08-01 00:35:00,Battery_5,27.13,3.9
109,2016-08-01 00:35:00,Battery_6,27.13,3.9
110,2016-08-01 00:35:00,unresponsive_loads,10000.0,2.5566
111,2016-08-01 00:35:00,WS_export,18.31,0.0
112,2016-08-01 00:40:00,house_1,14.742297063648778,2.16703
113,2016-08-01 00:40:00,house_2,14.742407387082226,2.16358
114,2016-08-01 00:40:00,house_3,14.741853972737738,2.56547
115,2016-08-01 00:40:00,house_4,14.742386513595754,2.17004
116,2016-08-01 00:40:00,house_5,14.742302824733837,2.16572
117,2016-08-01 00:40:00,house_6,14.742384656642406,2.16452
118,2016-08-01 00:40:00,Battery_1,27.13,3.9
119,2016-08-01 00:40:00,Battery_2,27.13,3.9
120,2016-08-01 00:40:00,Battery_3,27.13,3.9
121,2016-08-01 00:40:00,Battery_4,27.13,3.9
122,2016-08-01 00:40:00,Battery_5,27.13,3.9
123,2016-08-01 00:40:00,Battery_6,27.13,3.9
124,2016-08-01 00:40:00,unresponsive_loads,10000.0,2.5566
125,2016-08-01 00:40:00,WS_export,18.31,0.0
126,2016-08-01 00:45:00,house_1,14.751262958511349,2.16703
127,2016-08-01 00:45:00,house_2,14.75137365489776,2.16358
128,2016-08-01 00:45:00,house_3,14.750820347160845,2.56547
129,2016-08-01 00:45:00,house_4,14.751352236307676,2.17004
130,2016-08-01 00:45:00,house_5,14.751268741076341,2.16572
131,2016-08-01 00:45:00,house_6,14.751350547066524,2.16452
132,2016-08-01 00:45:00,Battery_1,27.13,3.9
133,2016-08-01 00:45:00,Battery_2,27.13,3.9
134,2016-08-01 00:45:00,Battery_3,27.13,3.9
135,2016-08-01 00:45:00,Battery_4,27.13,3.9
136,2016-08-01 00:45:00,Battery_5,27.13,3.9
137,2016-08-01 00:45:00,Battery_6,27.13,3.9
138,2016-08-01 00:45:00,unresponsive_loads,10000.0,8.7108
139,2016-08-01 00:45:00,WS_export,17.509999999999998,0.0
140,2016-08-01 00:50:00,house_1,14.783453189908826,2.16703
141,2016-08-01 00:50:00,house_2,14.783564440508343,2.16358
142,2016-08-01 00:50:00,house_3,14.783010344720449,2.56547
143,2016-08-01 00:50:00,house_4,14.783542443208956,2.17004
144,2016-08-01 00:50:00,house_5,14.783459011672834,2.16572
145,2016-08-01 00:50:00,house_6,14.783540919096477,2.16452
146,2016-08-01 00:50:00,Battery_1,27.13,3.9
147,2016-08-01 00:50:00,Battery_2,27.13,3.9
148,2016-08-01 00:50:00,Battery_3,27.13,3.9
149,2016-08-01 00:50:00,Battery_4,27.13,3.9
150,2016-08-01 00:50:00,Battery_5,27.13,3.9
151,2016-08-01 00:50:00,Battery_6,27.13,3.9
152,2016-08-01 00:50:00,unresponsive_loads,10000.0,2.3756
153,2016-08-01 00:50:00,WS_export,17.509999999999998,0.0
154,2016-08-01 00:55:00,house_1,14.844808785143513,2.16703
155,2016-08-01 00:55:00,house_2,14.844920810473877,2.16358
156,2016-08-01 00:55:00,house_3,14.844364826701003,2.56547
157,2016-08-01 00:55:00,house_4,14.844898205790962,2.17004
158,2016-08-01 00:55:00,house_5,14.844814649085372,2.16572
159,2016-08-01 00:55:00,house_6,14.844896836439705,2.16452
160,2016-08-01 00:55:00,Battery_1,27.13,3.9
161,2016-08-01 00:55:00,Battery_2,27.13,3.9
162,2016-08-01 00:55:00,Battery_3,27.13,3.9
163,2016-08-01 00:55:00,Battery_4,27.13,3.9
164,2016-08-01 00:55:00,Battery_5,27.13,3.9
165,2016-08-01 00:55:00,Battery_6,27.13,3.9
166,2016-08-01 00:55:00,unresponsive_loads,10000.0,2.3756
167,2016-08-01 00:55:00,WS_export,17.509999999999998,0.0
168,2016-08-01 01:00:00,house_1,14.953354464935915,2.16703
169,2016-08-01 01:00:00,house_2,14.953467622668956,2.16358
170,2016-08-01 01:00:00,house_3,14.952907971379501,2.56547
171,2016-08-01 01:00:00,house_4,14.953444342681914,2.17004
172,2016-08-01 01:00:00,house_5,14.953360389809026,2.16572
173,2016-08-01 01:00:00,house_6,14.953443125182929,2.16452
174,2016-08-01 01:00:00,Battery_1,27.13,3.9
175,2016-08-01 01:00:00,Battery_2,27.13,3.9
176,2016-08-01 01:00:00,Battery_3,27.13,3.9
177,2016-08-01 01:00:00,Battery_4,27.13,3.9
178,2016-08-01 01:00:00,Battery_5,27.13,3.9
179,2016-08-01 01:00:00,Battery_6,27.13,3.9
180,2016-08-01 01:00:00,unresponsive_loads,10000.0,2.3756
181,2016-08-01 01:00:00,WS_export,17.169999999999998,0.0
182,2016-08-01 01:05:00,house_1,14.949237182019889,2.16703
183,2016-08-01 01:05:00,house_2,14.94935062083309,2.16358
184,2016-08-01 01:05:00,house_3,14.94879149658414,2.56547
185,2016-08-01 01:05:00,house_4,14.949326838936571,2.17004
186,2016-08-01 01:05:00,house_5,14.949243132083913,2.16572
187,2016-08-01 01:05:00,house_6,14.949325791763252,2.16452
188,2016-08-01 01:05:00,Battery_1,27.13,3.9
189,2016-08-01 01:05:00,Battery_2,27.13,3.9
190,2016-08-01 01:05:00,Battery_3,27.13,3.9
191,2016-08-01 01:05:00,Battery_4,27.13,3.9
192,2016-08-01 01:05:00,Battery_5,27.13,3.9
193,2016-08-01 01:05:00,Battery_6,27.13,3.9
194,2016-08-01 01:05:00,unresponsive_loads,10000.0,2.1788
195,2016-08-01 01:05:00,WS_export,17.169999999999998,0.0
196,2016-08-01 01:10:00,house_1,14.948178470646361,2.16703
197,2016-08-01 01:10:00,house_2,14.948292140746394,2.16358
198,2016-08-01 01:10:00,house_3,14.947733027516565,2.56547
199,2016-08-01 01:10:00,house_4,14.948268044748403,2.17004
200,2016-08-01 01:10:00,house_5,14.94818443956922,2.16572
201,2016-08-01 01:10:00,house_6,14.94826714808499,2.16452
202,2016-08-01 01:10:00,Battery_1,27.13,3.9
203,2016-08-01 01:10:00,Battery_2,27.13,3.9
204,2016-08-01 01:10:00,Battery_3,27.13,3.9
205,2016-08-01 01:10:00,Battery_4,27.13,3.9
206,2016-08-01 01:10:00,Battery_5,27.13,3.9
207,2016-08-01 01:10:00,Battery_6,27.13,3.9
208,2016-08-01 01:10:00,unresponsive_loads,10000.0,2.1788
209,2016-08-01 01:10:00,WS_export,17.169999999999998,0.0
210,2016-08-01 01:15:00,house_1,14.950401021005725,2.16703
211,2016-08-01 01:15:00,house_2,14.95051498046204,2.16358
212,2016-08-01 01:15:00,house_3,14.949955845151944,2.56547
213,2016-08-01 01:15:00,house_4,14.950490509944729,2.17004
214,2016-08-01 01:15:00,house_5,14.95040700663756,2.16572
215,2016-08-01 01:15:00,house_6,14.950489772053754,2.16452
216,2016-08-01 01:15:00,Battery_1,27.13,3.9
217,2016-08-01 01:15:00,Battery_2,27.13,3.9
218,2016-08-01 01:15:00,Battery_3,27.13,3.9
219,2016-08-01 01:15:00,Battery_4,27.13,3.9
220,2016-08-01 01:15:00,Battery_5,27.13,3.9
221,2016-08-01 01:15:00,Battery_6,27.13,3.9
222,2016-08-01 01:15:00,unresponsive_loads,10000.0,2.396
223,2016-08-01 01:15:00,WS_export,16.7,0.0
224,2016-08-01 01:20:00,house_1,14.956178866693623,2.16703
225,2016-08-01 01:20:00,house_2,14.956293146917186,2.16358
226,2016-08-01 01:20:00,house_3,14.955733860184484,2.56547
227,2016-08-01 01:20:00,house_4,14.956268279944888,2.17004
228,2016-08-01 01:20:00,house_5,14.956184869600584,2.16572
229,2016-08-01 01:20:00,house_6,14.95626770709724,2.16452
230,2016-08-01 01:20:00,Battery_1,27.13,3.9
231,2016-08-01 01:20:00,Battery_2,27.13,3.9
232,2016-08-01 01:20:00,Battery_3,27.13,3.9
233,2016-08-01 01:20:00,Battery_4,27.13,3.9
234,2016-08-01 01:20:00,Battery_5,27.13,3.9
235,2016-08-01 01:20:00,Battery_6,27.13,3.9
236,2016-08-01 01:20:00,unresponsive_loads,10000.0,2.3779
237,2016-08-01 01:20:00,WS_export,16.7,0.0
238,2016-08-01 01:25:00,house_1,14.965855137666587,2.16703
239,2016-08-01 01:25:00,house_2,14.965969776962613,2.16358
240,2016-08-01 01:25:00,house_3,14.965410200163724,2.56547
241,2016-08-01 01:25:00,house_4,14.965944515098968,2.17004
242,2016-08-01 01:25:00,house_5,14.965861168193102,2.16572
243,2016-08-01 01:25:00,house_6,14.965944082629992,2.16452
244,2016-08-01 01:25:00,Battery_1,27.13,3.9
245,2016-08-01 01:25:00,Battery_2,27.13,3.9
246,2016-08-01 01:25:00,Battery_3,27.13,3.9
247,2016-08-01 01:25:00,Battery_4,27.13,3.9
248,2016-08-01 01:25:00,Battery_5,27.13,3.9
249,2016-08-01 01:25:00,Battery_6,27.13,3.9
250,2016-08-01 01:25:00,unresponsive_loads,10000.0,2.3779
251,2016-08-01 01:25:00,WS_export,16.7,0.0
252,2016-08-01 01:30:00,house_1,14.979866119004024,2.16703
253,2016-08-01 01:30:00,house_2,14.979981144144643,2.16358
254,2016-08-01 01:30:00,house_3,14.979421124716978,2.56547
255,2016-08-01 01:30:00,house_4,14.979955479152267,2.17004
256,2016-08-01 01:30:00,house_5,14.979872179223378,2.16572
257,2016-08-01 01:30:00,house_6,14.979955204180833,2.16452
258,2016-08-01 01:30:00,Battery_1,27.13,3.9
259,2016-08-01 01:30:00,Battery_2,27.13,3.9
260,2016-08-01 01:30:00,Battery_3,27.13,3.9
261,2016-08-01 01:30:00,Battery_4,27.13,3.9
262,2016-08-01 01:30:00,Battery_5,27.13,3.9
263,2016-08-01 01:30:00,Battery_6,27.13,3.9
264,2016-08-01 01:30:00,unresponsive_loads,10000.0,2.3779
265,2016-08-01 01:30:00,WS_export,16.5,0.0
266,2016-08-01 01:35:00,house_1,14.998777993466303,2.16703
267,2016-08-01 01:35:00,house_2,14.998893435803904,2.16358
268,2016-08-01 01:35:00,house_3,14.99833278478215,2.56547
269,2016-08-01 01:35:00,house_4,14.998867374844014,2.17004
270,2016-08-01 01:35:00,house_5,14.998784076919883,2.16572
271,2016-08-01 01:35:00,house_6,14.998867249929585,2.16452
272,2016-08-01 01:35:00,Battery_1,27.13,3.9
273,2016-08-01 01:35:00,Battery_2,27.13,3.9
274,2016-08-01 01:35:00,Battery_3,27.13,3.9
275,2016-08-01 01:35:00,Battery_4,27.13,3.9
276,2016-08-01 01:35:00,Battery_5,27.13,3.9
277,2016-08-01 01:35:00,Battery_6,27.13,3.9
278,2016-08-01 01:35:00,unresponsive_loads,10000.0,2.3779
279,2016-08-01 01:35:00,WS_export,16.5,0.0
280,2016-08-01 01:40:00,house_1,15.023345351932852,2.16703
281,2016-08-01 01:40:00,house_2,15.023461248881622,2.16358
282,2016-08-01 01:40:00,house_3,15.022899733787508,2.56547
283,2016-08-01 01:40:00,house_4,15.023434780751753,2.17004
284,2016-08-01 01:40:00,house_5,15.023351461249549,2.16572
285,2016-08-01 01:40:00,house_6,15.023434807273436,2.16452
286,2016-08-01 01:40:00,Battery_1,27.13,3.9
287,2016-08-01 01:40:00,Battery_2,27.13,3.9
288,2016-08-01 01:40:00,Battery_3,27.13,3.9
289,2016-08-01 01:40:00,Battery_4,27.13,3.9
290,2016-08-01 01:40:00,Battery_5,27.13,3.9
291,2016-08-01 01:40:00,Battery_6,27.13,3.9
292,2016-08-01 01:40:00,unresponsive_loads,10000.0,2.3779
293,2016-08-01 01:40:00,WS_export,16.5,0.0
294,2016-08-01 01:45:00,house_1,15.054609684817795,2.16703
295,2016-08-01 01:45:00,house_2,15.054726091071934,2.16358
296,2016-08-01 01:45:00,house_3,15.054163471246023,2.56547
297,2016-08-01 01:45:00,house_4,15.054699210683976,2.17004
298,2016-08-01 01:45:00,house_5,15.054615832032011,2.16572
299,2016-08-01 01:45:00,house_6,15.054699389878644,2.16452
300,2016-08-01 01:45:00,Battery_1,27.13,3.9
301,2016-08-01 01:45:00,Battery_2,27.13,3.9
302,2016-08-01 01:45:00,Battery_3,27.13,3.9
303,2016-08-01 01:45:00,Battery_4,27.13,3.9
304,2016-08-01 01:45:00,Battery_5,27.13,3.9
305,2016-08-01 01:45:00,Battery_6,27.13,3.9
306,2016-08-01 01:45:00,unresponsive_loads,10000.0,2.3779
307,2016-08-01 01:45:00,WS_export,16.38,0.0
308,2016-08-01 01:50:00,house_1,15.094077476134249,2.16703
309,2016-08-01 01:50:00,house_2,15.09419445775098,2.16358
310,2016-08-01 01:50:00,house_3,15.093630397215618,2.56547
311,2016-08-01 01:50:00,house_4,15.094167148563672,2.17004
312,2016-08-01 01:50:00,house_5,15.094083656165884,2.16572
313,2016-08-01 01:50:00,house_6,15.094167473831138,2.16452
314,2016-08-01 01:50:00,Battery_1,27.13,3.9
315,2016-08-01 01:50:00,Battery_2,27.13,3.9
316,2016-08-01 01:50:00,Battery_3,27.13,3.9
317,2016-08-01 01:50:00,Battery_4,27.13,3.9
318,2016-08-01 01:50:00,Battery_5,27.13,3.9
319,2016-08-01 01:50:00,Battery_6,27.13,3.9
320,2016-08-01 01:50:00,unresponsive_loads,10000.0,2.3779
321,2016-08-01 01:50:00,WS_export,16.38,0.0
322,2016-08-01 01:55:00,house_1,15.14407448506461,2.16703
323,2016-08-01 01:55:00,house_2,15.144192118289821,2.16358
324,2016-08-01 01:55:00,house_3,15.143626217792592,2.56547
325,2016-08-01 01:55:00,house_4,15.144164358804641,2.17004
326,2016-08-01 01:55:00,house_5,15.14408069374724,2.16572
327,2016-08-01 01:55:00,house_6,15.144164840337865,2.16452
328,2016-08-01 01:55:00,Battery_1,27.13,3.9
329,2016-08-01 01:55:00,Battery_2,27.13,3.9
330,2016-08-01 01:55:00,Battery_3,27.13,3.9
331,2016-08-01 01:55:00,Battery_4,27.13,3.9
332,2016-08-01 01:55:00,Battery_5,27.13,3.9
333,2016-08-01 01:55:00,Battery_6,27.13,3.9
334,2016-08-01 01:55:00,unresponsive_loads,10000.0,2.3779
335,2016-08-01 01:55:00,WS_export,16.38,0.0
336,2016-08-01 02:00:00,house_1,14.975662941923472,2.16703
337,2016-08-01 02:00:00,house_2,14.975779521976428,2.16358
338,2016-08-01 02:00:00,house_3,14.97521992974661,2.56547
339,2016-08-01 02:00:00,house_4,14.97575173995909,2.17004
340,2016-08-01 02:00:00,house_5,14.975669098854665,2.16572
341,2016-08-01 02:00:00,house_6,14.975752353899429,2.16452
342,2016-08-01 02:00:00,Battery_1,27.13,3.9
343,2016-08-01 02:00:00,Battery_2,27.13,3.9
344,2016-08-01 02:00:00,Battery_3,27.13,3.9
345,2016-08-01 02:00:00,Battery_4,27.13,3.9
346,2016-08-01 02:00:00,Battery_5,27.13,3.9
347,2016-08-01 02:00:00,Battery_6,27.13,3.9
348,2016-08-01 02:00:00,unresponsive_loads,10000.0,2.5408
349,2016-08-01 02:00:00,WS_export,15.870000000000001,0.0
350,2016-08-01 02:05:00,house_1,14.823525093245491,2.16703
351,2016-08-01 02:05:00,house_2,14.823640742694815,2.16358
352,2016-08-01 02:05:00,house_3,14.823086851462083,2.56547
353,2016-08-01 02:05:00,house_4,14.823612906574459,2.17004
354,2016-08-01 02:05:00,house_5,14.8235312050317,2.16572
355,2016-08-01 02:05:00,house_6,14.823613659550688,2.16452
356,2016-08-01 02:05:00,Battery_1,27.13,3.9
357,2016-08-01 02:05:00,Battery_2,27.13,3.9
358,2016-08-01 02:05:00,Battery_3,27.13,3.9
359,2016-08-01 02:05:00,Battery_4,27.13,3.9
360,2016-08-01 02:05:00,Battery_5,27.13,3.9
361,2016-08-01 02:05:00,Battery_6,27.13,3.9
362,2016-08-01 02:05:00,unresponsive_loads,10000.0,2.428
363,2016-08-01 02:05:00,WS_export,15.870000000000001,0.0
364,2016-08-01 02:10:00,house_1,14.708452496764647,2.16703
365,2016-08-01 02:10:00,house_2,14.70856744517015,2.16358
366,2016-08-01 02:10:00,house_3,14.708017679409913,2.56547
367,2016-08-01 02:10:00,house_4,14.708539591426531,2.17004
368,2016-08-01 02:10:00,house_5,14.708458585611119,2.16572
369,2016-08-01 02:10:00,house_6,14.708540474922078,2.16452
370,2016-08-01 02:10:00,Battery_1,27.13,3.9
371,2016-08-01 02:10:00,Battery_2,27.13,3.9
372,2016-08-01 02:10:00,Battery_3,27.13,3.9
373,2016-08-01 02:10:00,Battery_4,27.13,3.9
374,2016-08-01 02:10:00,Battery_5,27.13,3.9
375,2016-08-01 02:10:00,Battery_6,27.13,3.9
376,2016-08-01 02:10:00,unresponsive_loads,10000.0,2.428
377,2016-08-01 02:10:00,WS_export,15.870000000000001,0.0
378,2016-08-01 02:15:00,house_1,14.617629386177148,2.16703
379,2016-08-01 02:15:00,house_2,14.617743826454477,2.16358
380,2016-08-01 02:15:00,house_3,14.61719732490744,2.56547
381,2016-08-01 02:15:00,house_4,14.617715881635394,2.17004
382,2016-08-01 02:15:00,house_5,14.61763545110371,2.16572
383,2016-08-01 02:15:00,house_6,14.61771690666916,2.16452
384,2016-08-01 02:15:00,Battery_1,27.13,3.9
385,2016-08-01 02:15:00,Battery_2,27.13,3.9
386,2016-08-01 02:15:00,Battery_3,27.13,3.9
387,2016-08-01 02:15:00,Battery_4,27.13,3.9
388,2016-08-01 02:15:00,Battery_5,27.13,3.9
389,2016-08-01 02:15:00,Battery_6,27.13,3.9
390,2016-08-01 02:15:00,unresponsive_loads,10000.0,2.4823
391,2016-08-01 02:15:00,WS_export,15.34,0.0
392,2016-08-01 02:20:00,house_1,14.544499885915135,2.16703
393,2016-08-01 02:20:00,house_2,14.54461396834892,2.16358
394,2016-08-01 02:20:00,house_3,14.544070090467788,2.56547
395,2016-08-01 02:20:00,house_4,14.544585893995693,2.17004
396,2016-08-01 02:20:00,house_5,14.5445059422061,2.16572
397,2016-08-01 02:20:00,house_6,14.544587058881497,2.16452
398,2016-08-01 02:20:00,Battery_1,27.13,3.9
399,2016-08-01 02:20:00,Battery_2,27.13,3.9
400,2016-08-01 02:20:00,Battery_3,27.13,3.9
401,2016-08-01 02:20:00,Battery_4,27.13,3.9
402,2016-08-01 02:20:00,Battery_5,27.13,3.9
403,2016-08-01 02:20:00,Battery_6,27.13,3.9
404,2016-08-01 02:20:00,unresponsive_loads,10000.0,2.4461
405,2016-08-01 02:20:00,WS_export,15.34,0.0
406,2016-08-01 02:25:00,house_1,14.48516872905173,2.16703
407,2016-08-01 02:25:00,house_2,14.48528255260513,2.16358
408,2016-08-01 02:25:00,house_3,14.484740784541684,2.56547
409,2016-08-01 02:25:00,house_4,14.485254340470659,2.17004
410,2016-08-01 02:25:00,house_5,14.485174782394756,2.16572
411,2016-08-01 02:25:00,house_6,14.485255629488746,2.16452
412,2016-08-01 02:25:00,Battery_1,27.13,3.9
413,2016-08-01 02:25:00,Battery_2,27.13,3.9
414,2016-08-01 02:25:00,Battery_3,27.13,3.9
415,2016-08-01 02:25:00,Battery_4,27.13,3.9
416,2016-08-01 02:25:00,Battery_5,27.13,3.9
417,2016-08-01 02:25:00,Battery_6,27.13,3.9
418,2016-08-01 02:25:00,unresponsive_loads,10000.0,2.247
419,2016-08-01 02:25:00,WS_export,15.34,0.0
420,2016-08-01 02:30:00,house_1,14.437095650371084,2.16703
421,2016-08-01 02:30:00,house_2,14.437209302631622,2.16358
422,2016-08-01 02:30:00,house_3,14.436669217301088,2.56547
423,2016-08-01 02:30:00,house_4,14.437180932556693,2.17004
424,2016-08-01 02:30:00,house_5,14.437101696994247,2.16572
425,2016-08-01 02:30:00,house_6,14.437182353796969,2.16452
426,2016-08-01 02:30:00,Battery_1,27.13,3.9
427,2016-08-01 02:30:00,Battery_2,27.13,3.9
428,2016-08-01 02:30:00,Battery_3,27.13,3.9
429,2016-08-01 02:30:00,Battery_4,27.13,3.9
430,2016-08-01 02:30:00,Battery_5,27.13,3.9
431,2016-08-01 02:30:00,Battery_6,27.13,3.9
432,2016-08-01 02:30:00,unresponsive_loads,10000.0,2.247
433,2016-08-01 02:30:00,WS_export,15.31,0.0
434,2016-08-01 02:35:00,house_1,14.398515031272636,2.16703
435,2016-08-01 02:35:00,house_2,14.398628587031238,2.16358
436,2016-08-01 02:35:00,house_3,14.39808981640966,2.56547
437,2016-08-01 02:35:00,house_4,14.398600041666636,2.17004
438,2016-08-01 02:35:00,house_5,14.398521083781214,2.16572
439,2016-08-01 02:35:00,house_6,14.398601588171092,2.16452
440,2016-08-01 02:35:00,Battery_1,27.13,3.9
441,2016-08-01 02:35:00,Battery_2,27.13,3.9
442,2016-08-01 02:35:00,Battery_3,27.13,3.9
443,2016-08-01 02:35:00,Battery_4,27.13,3.9
444,2016-08-01 02:35:00,Battery_5,27.13,3.9
445,2016-08-01 02:35:00,Battery_6,27.13,3.9
446,2016-08-01 02:35:00,unresponsive_loads,10000.0,2.247
447,2016-08-01 02:35:00,WS_export,15.31,0.0
448,2016-08-01 02:40:00,house_1,14.368141624215765,2.16703
449,2016-08-01 02:40:00,house_2,14.368255132052235,2.16358
450,2016-08-01 02:40:00,house_3,14.367717378670024,2.56547
451,2016-08-01 02:40:00,house_4,14.36822640402692,2.17004
452,2016-08-01 02:40:00,house_5,14.368147669264284,2.16572
453,2016-08-01 02:40:00,house_6,14.368228076690345,2.16452
454,2016-08-01 02:40:00,Battery_1,27.13,3.9
455,2016-08-01 02:40:00,Battery_2,27.13,3.9
456,2016-08-01 02:40:00,Battery_3,27.13,3.9
457,2016-08-01 02:40:00,Battery_4,27.13,3.9
458,2016-08-01 02:40:00,Battery_5,27.13,3.9
459,2016-08-01 02:40:00,Battery_6,27.13,3.9
460,2016-08-01 02:40:00,unresponsive_loads,10000.0,2.247
461,2016-08-01 02:40:00,WS_export,15.31,0.0
462,2016-08-01 02:45:00,house_1,14.345006628218393,2.16703
463,2016-08-01 02:45:00,house_2,14.345120154439861,2.16358
464,2016-08-01 02:45:00,house_3,14.344583134273869,2.56547
465,2016-08-01 02:45:00,house_4,14.345091229980696,2.17004
466,2016-08-01 02:45:00,house_5,14.345012686049031,2.16572
467,2016-08-01 02:45:00,house_6,14.345093029794109,2.16452
468,2016-08-01 02:45:00,Battery_1,27.13,3.9
469,2016-08-01 02:45:00,Battery_2,27.13,3.9
470,2016-08-01 02:45:00,Battery_3,27.13,3.9
471,2016-08-01 02:45:00,Battery_4,27.13,3.9
472,2016-08-01 02:45:00,Battery_5,27.13,3.9
473,2016-08-01 02:45:00,Battery_6,27.13,3.9
474,2016-08-01 02:45:00,unresponsive_loads,10000.0,2.066
475,2016-08-01 02:45:00,WS_export,15.18,0.0
476,2016-08-01 02:50:00,house_1,14.328359855483447,2.16703
477,2016-08-01 02:50:00,house_2,14.328473452176693,2.16358
478,2016-08-01 02:50:00,house_3,14.32793690916058,2.56547
479,2016-08-01 02:50:00,house_4,14.328444318669511,2.17004
480,2016-08-01 02:50:00,house_5,14.328365929050172,2.16572
481,2016-08-01 02:50:00,house_6,14.328446254384817,2.16452
482,2016-08-01 02:50:00,Battery_1,27.13,3.9
483,2016-08-01 02:50:00,Battery_2,27.13,3.9
484,2016-08-01 02:50:00,Battery_3,27.13,3.9
485,2016-08-01 02:50:00,Battery_4,27.13,3.9
486,2016-08-01 02:50:00,Battery_5,27.13,3.9
487,2016-08-01 02:50:00,Battery_6,27.13,3.9
488,2016-08-01 02:50:00,unresponsive_loads,10000.0,2.066
489,2016-08-01 02:50:00,WS_export,15.18,0.0
490,2016-08-01 02:55:00,house_1,14.317607958556806,2.16703
491,2016-08-01 02:55:00,house_2,14.317721664843411,2.16358
492,2016-08-01 02:55:00,house_3,14.317185364985194,2.56547
493,2016-08-01 02:55:00,house_4,14.317692318538825,2.17004
494,2016-08-01 02:55:00,house_5,14.317614042068314,2.16572
495,2016-08-01 02:55:00,house_6,14.317694375677952,2.16452
496,2016-08-01 02:55:00,Battery_1,27.13,3.9
497,2016-08-01 02:55:00,Battery_2,27.13,3.9
498,2016-08-01 02:55:00,Battery_3,27.13,3.9
499,2016-08-01 02:55:00,Battery_4,27.13,3.9
500,2016-08-01 02:55:00,Battery_5,27.13,3.9
501,2016-08-01 02:55:00,Battery_6,27.13,3.9
502,2016-08-01 02:55:00,unresponsive_loads,10000.0,2.066
503,2016-08-01 02:55:00,WS_export,15.18,0.0
504,2016-08-01 03:00:00,house_1,14.263344280781507,2.16703
505,2016-08-01 03:00:00,house_2,14.263457743664778,2.16358
506,2016-08-01 03:00:00,house_3,14.262923311890793,2.56547
507,2016-08-01 03:00:00,house_4,14.263428282454191,2.17004
508,2016-08-01 03:00:00,house_5,14.263350347606254,2.16572
509,2016-08-01 03:00:00,house_6,14.263430454834188,2.16452
510,2016-08-01 03:00:00,Battery_1,27.13,3.9
511,2016-08-01 03:00:00,Battery_2,27.13,3.9
512,2016-08-01 03:00:00,Battery_3,27.13,3.9
513,2016-08-01 03:00:00,Battery_4,27.13,3.9
514,2016-08-01 03:00:00,Battery_5,27.13,3.9
515,2016-08-01 03:00:00,Battery_6,27.13,3.9
516,2016-08-01 03:00:00,unresponsive_loads,10000.0,3.8218
517,2016-08-01 03:00:00,WS_export,14.99,0.0
518,2016-08-01 03:05:00,house_1,14.265561828119035,2.16703
519,2016-08-01 03:05:00,house_2,14.265675505997846,2.16358
520,2016-08-01 03:05:00,house_3,14.265140827723974,2.56547
521,2016-08-01 03:05:00,house_4,14.265645813839496,2.17004
522,2016-08-01 03:05:00,house_5,14.265567919378924,2.16572
523,2016-08-01 03:05:00,house_6,14.265648117875353,2.16452
524,2016-08-01 03:05:00,Battery_1,27.13,3.9
525,2016-08-01 03:05:00,Battery_2,27.13,3.9
526,2016-08-01 03:05:00,Battery_3,27.13,3.9
527,2016-08-01 03:05:00,Battery_4,27.13,3.9
528,2016-08-01 03:05:00,Battery_5,27.13,3.9
529,2016-08-01 03:05:00,Battery_6,27.13,3.9
530,2016-08-01 03:05:00,unresponsive_loads,10000.0,2.0418
531,2016-08-01 03:05:00,WS_export,14.99,0.0
532,2016-08-01 03:10:00,house_1,14.284866073031427,2.16703
533,2016-08-01 03:10:00,house_2,14.284980105945746,2.16358
534,2016-08-01 03:10:00,house_3,14.284444424193369,2.56547
535,2016-08-01 03:10:00,house_4,14.28495017914462,2.17004
536,2016-08-01 03:10:00,house_5,14.284872187384648,2.16572
537,2016-08-01 03:10:00,house_6,14.284952608738973,2.16452
538,2016-08-01 03:10:00,Battery_1,27.13,3.9
539,2016-08-01 03:10:00,Battery_2,27.13,3.9
540,2016-08-01 03:10:00,Battery_3,27.13,3.9
541,2016-08-01 03:10:00,Battery_4,27.13,3.9
542,2016-08-01 03:10:00,Battery_5,27.13,3.9
543,2016-08-01 03:10:00,Battery_6,27.13,3.9
544,2016-08-01 03:10:00,unresponsive_loads,10000.0,2.0599
545,2016-08-01 03:10:00,WS_export,14.99,0.0
546,2016-08-01 03:15:00,house_1,14.319697352618363,2.16703
547,2016-08-01 03:15:00,house_2,14.319811868130493,2.16358
548,2016-08-01 03:15:00,house_3,14.319274603030744,2.56547
549,2016-08-01 03:15:00,house_4,14.319781671621154,2.17004
550,2016-08-01 03:15:00,house_5,14.3197034971637,2.16572
551,2016-08-01 03:15:00,house_6,14.319784222996752,2.16452
552,2016-08-01 03:15:00,Battery_1,27.13,3.9
553,2016-08-01 03:15:00,Battery_2,27.13,3.9
554,2016-08-01 03:15:00,Battery_3,27.13,3.9
555,2016-08-01 03:15:00,Battery_4,27.13,3.9
556,2016-08-01 03:15:00,Battery_5,27.13,3.9
557,2016-08-01 03:15:00,Battery_6,27.13,3.9
558,2016-08-01 03:15:00,unresponsive_loads,10000.0,2.0418
559,2016-08-01 03:15:00,WS_export,14.540000000000001,0.0
560,2016-08-01 03:20:00,house_1,14.36895487477235,2.16703
561,2016-08-01 03:20:00,house_2,14.369069977543669,2.16358
562,2016-08-01 03:20:00,house_3,14.368530583122833,2.56547
563,2016-08-01 03:20:00,house_4,14.369039477782982,2.17004
564,2016-08-01 03:20:00,house_5,14.368961047880951,2.16572
565,2016-08-01 03:20:00,house_6,14.369042163527304,2.16452
566,2016-08-01 03:20:00,Battery_1,27.13,3.9
567,2016-08-01 03:20:00,Battery_2,27.13,3.9
568,2016-08-01 03:20:00,Battery_3,27.13,3.9
569,2016-08-01 03:20:00,Battery_4,27.13,3.9
570,2016-08-01 03:20:00,Battery_5,27.13,3.9
571,2016-08-01 03:20:00,Battery_6,27.13,3.9
572,2016-08-01 03:20:00,unresponsive_loads,10000.0,2.0418
573,2016-08-01 03:20:00,WS_export,14.540000000000001,0.0
574,2016-08-01 03:25:00,house_1,14.431876769752634,2.16703
575,2016-08-01 03:25:00,house_2,14.431992574930815,2.16358
576,2016-08-01 03:25:00,house_3,14.431450555405181,2.56547
577,2016-08-01 03:25:00,house_4,14.431961739338373,2.17004
578,2016-08-01 03:25:00,house_5,14.431882986482488,2.16572
579,2016-08-01 03:25:00,house_6,14.43196455668409,2.16452
580,2016-08-01 03:25:00,Battery_1,27.13,3.9
581,2016-08-01 03:25:00,Battery_2,27.13,3.9
582,2016-08-01 03:25:00,Battery_3,27.13,3.9
583,2016-08-01 03:25:00,Battery_4,27.13,3.9
584,2016-08-01 03:25:00,Battery_5,27.13,3.9
585,2016-08-01 03:25:00,Battery_6,27.13,3.9
586,2016-08-01 03:25:00,unresponsive_loads,10000.0,2.0418
587,2016-08-01 03:25:00,WS_export,14.540000000000001,0.0
588,2016-08-01 03:30:00,house_1,14.507967694519932,2.16703
589,2016-08-01 03:30:00,house_2,14.50808430630112,2.16358
590,2016-08-01 03:30:00,house_3,14.507539146597715,2.56547
591,2016-08-01 03:30:00,house_4,14.508053102805494,2.17004
592,2016-08-01 03:30:00,house_5,14.5079739698504,2.16572
593,2016-08-01 03:30:00,house_6,14.50805606490488,2.16452
594,2016-08-01 03:30:00,Battery_1,27.13,3.9
595,2016-08-01 03:30:00,Battery_2,27.13,3.9
596,2016-08-01 03:30:00,Battery_3,27.13,3.9
597,2016-08-01 03:30:00,Battery_4,27.13,3.9
598,2016-08-01 03:30:00,Battery_5,27.13,3.9
599,2016-08-01 03:30:00,Battery_6,27.13,3.9
600,2016-08-01 03:30:00,unresponsive_loads,10000.0,2.2228
601,2016-08-01 03:30:00,WS_export,14.96,0.0
602,2016-08-01 03:35:00,house_1,14.596956299326894,2.16703
603,2016-08-01 03:35:00,house_2,14.597073811119959,2.16358
604,2016-08-01 03:35:00,house_3,14.59652505098181,2.56547
605,2016-08-01 03:35:00,house_4,14.597042223763324,2.17004
606,2016-08-01 03:35:00,house_5,14.596962631127356,2.16572
607,2016-08-01 03:35:00,house_6,14.597045320221014,2.16452
608,2016-08-01 03:35:00,Battery_1,27.13,3.9
609,2016-08-01 03:35:00,Battery_2,27.13,3.9
610,2016-08-01 03:35:00,Battery_3,27.13,3.9
611,2016-08-01 03:35:00,Battery_4,27.13,3.9
612,2016-08-01 03:35:00,Battery_5,27.13,3.9
613,2016-08-01 03:35:00,Battery_6,27.13,3.9
614,2016-08-01 03:35:00,unresponsive_loads,10000.0,2.2228
615,2016-08-01 03:35:00,WS_export,14.96,0.0
616,2016-08-01 03:40:00,house_1,14.698773377939292,2.16703
617,2016-08-01 03:40:00,house_2,14.698891883253191,2.16358
618,2016-08-01 03:40:00,house_3,14.69833903389702,2.56547
619,2016-08-01 03:40:00,house_4,14.69885987974749,2.17004
620,2016-08-01 03:40:00,house_5,14.69877977252689,2.16572
621,2016-08-01 03:40:00,house_6,14.698863124354666,2.16452
622,2016-08-01 03:40:00,Battery_1,27.13,3.9
623,2016-08-01 03:40:00,Battery_2,27.13,3.9
624,2016-08-01 03:40:00,Battery_3,27.13,3.9
625,2016-08-01 03:40:00,Battery_4,27.13,3.9
626,2016-08-01 03:40:00,Battery_5,27.13,3.9
627,2016-08-01 03:40:00,Battery_6,27.13,3.9
628,2016-08-01 03:40:00,unresponsive_loads,10000.0,2.2228
629,2016-08-01 03:40:00,WS_export,14.96,0.0
630,2016-08-01 03:45:00,house_1,14.813546477685449,2.16703
631,2016-08-01 03:45:00,house_2,14.813666079008696,2.16358
632,2016-08-01 03:45:00,house_3,14.813108669149477,2.56547
633,2016-08-01 03:45:00,house_4,14.813633626186416,2.17004
634,2016-08-01 03:45:00,house_5,14.813552932848973,2.16572
635,2016-08-01 03:45:00,house_6,14.813637017199206,2.16452
636,2016-08-01 03:45:00,Battery_1,27.13,3.9
637,2016-08-01 03:45:00,Battery_2,27.13,3.9
638,2016-08-01 03:45:00,Battery_3,27.13,3.9
639,2016-08-01 03:45:00,Battery_4,27.13,3.9
640,2016-08-01 03:45:00,Battery_5,27.13,3.9
641,2016-08-01 03:45:00,Battery_6,27.13,3.9
642,2016-08-01 03:45:00,unresponsive_loads,10000.0,2.2228
643,2016-08-01 03:45:00,WS_export,16.16,0.0
644,2016-08-01 03:50:00,house_1,14.94160990403446,2.16703
645,2016-08-01 03:50:00,house_2,14.941730707304345,2.16358
646,2016-08-01 03:50:00,house_3,14.941168221429734,2.56547
647,2016-08-01 03:50:00,house_4,14.941697770842245,2.17004
648,2016-08-01 03:50:00,house_5,14.941616435015888,2.16572
649,2016-08-01 03:50:00,house_6,14.941701322668274,2.16452
650,2016-08-01 03:50:00,Battery_1,27.13,3.9
651,2016-08-01 03:50:00,Battery_2,27.13,3.9
652,2016-08-01 03:50:00,Battery_3,27.13,3.9
653,2016-08-01 03:50:00,Battery_4,27.13,3.9
654,2016-08-01 03:50:00,Battery_5,27.13,3.9
655,2016-08-01 03:50:00,Battery_6,27.13,3.9
656,2016-08-01 03:50:00,unresponsive_loads,10000.0,2.2228
657,2016-08-01 03:50:00,WS_export,16.16,0.0
658,2016-08-01 03:55:00,house_1,15.083532038957223,2.16703
659,2016-08-01 03:55:00,house_2,15.083654154646698,2.16358
660,2016-08-01 03:55:00,house_3,15.083086086621252,2.56547
661,2016-08-01 03:55:00,house_4,15.08362070661887,2.17004
662,2016-08-01 03:55:00,house_5,15.083538652738957,2.16572
663,2016-08-01 03:55:00,house_6,15.08362441801079,2.16452
664,2016-08-01 03:55:00,Battery_1,27.13,3.9
665,2016-08-01 03:55:00,Battery_2,27.13,3.9
666,2016-08-01 03:55:00,Battery_3,27.13,3.9
667,2016-08-01 03:55:00,Battery_4,27.13,3.9
668,2016-08-01 03:55:00,Battery_5,27.13,3.9
669,2016-08-01 03:55:00,Battery_6,27.13,3.9
670,2016-08-01 03:55:00,unresponsive_loads,10000.0,2.0418
671,2016-08-01 03:55:00,WS_export,16.16,0.0
672,2016-08-01 04:00:00,house_1,15.191023965234239,2.16703
673,2016-08-01 04:00:00,house_2,15.19114711309232,2.16358
674,2016-08-01 04:00:00,house_3,15.190574759567522,2.56547
675,2016-08-01 04:00:00,house_4,15.19111322459181,2.17004
676,2016-08-01 04:00:00,house_5,15.191030638701461,2.16572
677,2016-08-01 04:00:00,house_6,15.191117090565694,2.16452
678,2016-08-01 04:00:00,Battery_1,27.13,3.9
679,2016-08-01 04:00:00,Battery_2,27.13,3.9
680,2016-08-01 04:00:00,Battery_3,27.13,3.9
681,2016-08-01 04:00:00,Battery_4,27.13,3.9
682,2016-08-01 04:00:00,Battery_5,27.13,3.9
683,2016-08-01 04:00:00,Battery_6,27.13,3.9
684,2016-08-01 04:00:00,unresponsive_loads,10000.0,2.0418
685,2016-08-01 04:00:00,WS_export,15.42,0.0
686,2016-08-01 04:05:00,house_1,15.271063110128654,2.16703
687,2016-08-01 04:05:00,house_2,15.271187055846688,2.16358
688,2016-08-01 04:05:00,house_3,15.270611468718407,2.56547
689,2016-08-01 04:05:00,house_4,15.271152783483805,2.17004
690,2016-08-01 04:05:00,house_5,15.271069840742038,2.16572
691,2016-08-01 04:05:00,house_6,15.271156800139474,2.16452
692,2016-08-01 04:05:00,Battery_1,27.13,3.9
693,2016-08-01 04:05:00,Battery_2,27.13,3.9
694,2016-08-01 04:05:00,Battery_3,27.13,3.9
695,2016-08-01 04:05:00,Battery_4,27.13,3.9
696,2016-08-01 04:05:00,Battery_5,27.13,3.9
697,2016-08-01 04:05:00,Battery_6,27.13,3.9
698,2016-08-01 04:05:00,unresponsive_loads,10000.0,2.0396
699,2016-08-01 04:05:00,WS_export,15.42,0.0
700,2016-08-01 04:10:00,house_1,15.367326061155541,2.16703
701,2016-08-01 04:10:00,house_2,15.367450922933498,2.16358
702,2016-08-01 04:10:00,house_3,15.366871611211694,2.56547
703,2016-08-01 04:10:00,house_4,15.36741619951522,2.17004
704,2016-08-01 04:10:00,house_5,15.367332857487883,2.16572
705,2016-08-01 04:10:00,house_6,15.367420376240075,2.16452
706,2016-08-01 04:10:00,Battery_1,27.13,3.9
707,2016-08-01 04:10:00,Battery_2,27.13,3.9
708,2016-08-01 04:10:00,Battery_3,27.13,3.9
709,2016-08-01 04:10:00,Battery_4,27.13,3.9
710,2016-08-01 04:10:00,Battery_5,27.13,3.9
711,2016-08-01 04:10:00,Battery_6,27.13,3.9
712,2016-08-01 04:10:00,unresponsive_loads,10000.0,2.0396
713,2016-08-01 04:10:00,WS_export,15.42,0.0
714,2016-08-01 04:15:00,house_1,15.479684903820214,2.16703
715,2016-08-01 04:15:00,house_2,15.479810807156015,2.16358
716,2016-08-01 04:15:00,house_3,15.47922715664139,2.56547
717,2016-08-01 04:15:00,house_4,15.479775610039654,2.17004
718,2016-08-01 04:15:00,house_5,15.479691773604939,2.16572
719,2016-08-01 04:15:00,house_6,15.479779945093355,2.16452
720,2016-08-01 04:15:00,Battery_1,27.13,3.9
721,2016-08-01 04:15:00,Battery_2,27.13,3.9
722,2016-08-01 04:15:00,Battery_3,27.13,3.9
723,2016-08-01 04:15:00,Battery_4,27.13,3.9
724,2016-08-01 04:15:00,Battery_5,27.13,3.9
725,2016-08-01 04:15:00,Battery_6,27.13,3.9
726,2016-08-01 04:15:00,unresponsive_loads,10000.0,2.0396
727,2016-08-01 04:15:00,WS_export,15.3,0.0
728,2016-08-01 04:20:00,house_1,15.608238628853277,2.14116
729,2016-08-01 04:20:00,house_2,15.608335198027993,2.14116
730,2016-08-01 04:20:00,house_3,15.607604454245752,2.52864
731,2016-08-01 04:20:00,house_4,15.608303675023963,2.14117
732,2016-08-01 04:20:00,house_5,15.608196585686787,2.14117
733,2016-08-01 04:20:00,house_6,15.608356384563907,2.14117
734,2016-08-01 04:20:00,Battery_1,27.13,3.9
735,2016-08-01 04:20:00,Battery_2,27.13,3.9
736,2016-08-01 04:20:00,Battery_3,27.13,3.9
737,2016-08-01 04:20:00,Battery_4,27.13,3.9
738,2016-08-01 04:20:00,Battery_5,27.13,3.9
739,2016-08-01 04:20:00,Battery_6,27.13,3.9
740,2016-08-01 04:20:00,unresponsive_loads,10000.0,1.8802
741,2016-08-01 04:20:00,WS_export,15.3,0.0
742,2016-08-01 04:25:00,Battery_1,27.13,3.9
743,2016-08-01 04:25:00,Battery_2,27.13,3.9
744,2016-08-01 04:25:00,Battery_3,27.13,3.9
745,2016-08-01 04:25:00,Battery_4,27.13,3.9
746,2016-08-01 04:25:00,Battery_5,27.13,3.9
747,2016-08-01 04:25:00,Battery_6,27.13,3.9
748,2016-08-01 04:25:00,unresponsive_loads,10000.0,2.0421
749,2016-08-01 04:25:00,WS_export,15.3,0.0
750,2016-08-01 04:30:00,Battery_1,27.13,3.9
751,2016-08-01 04:30:00,Battery_2,27.13,3.9
752,2016-08-01 04:30:00,Battery_3,27.13,3.9
753,2016-08-01 04:30:00,Battery_4,27.13,3.9
754,2016-08-01 04:30:00,Battery_5,27.13,3.9
755,2016-08-01 04:30:00,Battery_6,27.13,3.9
756,2016-08-01 04:30:00,unresponsive_loads,10000.0,2.0396
757,2016-08-01 04:30:00,WS_export,15.3,0.0
758,2016-08-01 04:35:00,house_1,16.099227124667312,2.14108
759,2016-08-01 04:35:00,house_2,16.099337647478308,2.14108
760,2016-08-01 04:35:00,house_3,16.098580508774376,2.52854
761,2016-08-01 04:35:00,house_4,16.099335446469173,2.14108
762,2016-08-01 04:35:00,house_5,16.099235253096488,2.14108
763,2016-08-01 04:35:00,house_6,16.099343210827044,2.14108
764,2016-08-01 04:35:00,Battery_1,27.13,3.9
765,2016-08-01 04:35:00,Battery_2,27.13,3.9
766,2016-08-01 04:35:00,Battery_3,27.13,3.9
767,2016-08-01 04:35:00,Battery_4,27.13,3.9
768,2016-08-01 04:35:00,Battery_5,27.13,3.9
769,2016-08-01 04:35:00,Battery_6,27.13,3.9
770,2016-08-01 04:35:00,unresponsive_loads,10000.0,2.0396
771,2016-08-01 04:35:00,WS_export,15.3,0.0
772,2016-08-01 04:40:00,house_1,16.302899600027246,2.14116
773,2016-08-01 04:40:00,house_2,16.30298235531929,2.14116
774,2016-08-01 04:40:00,house_6,16.30303554167151,2.14117
775,2016-08-01 04:40:00,Battery_1,27.13,3.9
776,2016-08-01 04:40:00,Battery_2,27.13,3.9
777,2016-08-01 04:40:00,Battery_3,27.13,3.9
778,2016-08-01 04:40:00,Battery_4,27.13,3.9
779,2016-08-01 04:40:00,Battery_5,27.13,3.9
780,2016-08-01 04:40:00,Battery_6,27.13,3.9
781,2016-08-01 04:40:00,unresponsive_loads,10000.0,2.0427
782,2016-08-01 04:40:00,WS_export,15.3,0.0
783,2016-08-01 04:45:00,Battery_1,27.13,3.9
784,2016-08-01 04:45:00,Battery_2,27.13,3.9
785,2016-08-01 04:45:00,Battery_3,27.13,3.9
786,2016-08-01 04:45:00,Battery_4,27.13,3.9
787,2016-08-01 04:45:00,Battery_5,27.13,3.9
788,2016-08-01 04:45:00,Battery_6,27.13,3.9
789,2016-08-01 04:45:00,unresponsive_loads,10000.0,2.0408
790,2016-08-01 04:45:00,WS_export,15.370000000000001,0.0
791,2016-08-01 04:50:00,house_4,16.78899580632355,2.14117
792,2016-08-01 04:50:00,house_5,16.788887901576093,2.14117
793,2016-08-01 04:50:00,Battery_1,27.13,3.9
794,2016-08-01 04:50:00,Battery_2,27.13,3.9
795,2016-08-01 04:50:00,Battery_3,27.13,3.9
796,2016-08-01 04:50:00,Battery_4,27.13,3.9
797,2016-08-01 04:50:00,Battery_5,27.13,3.9
798,2016-08-01 04:50:00,Battery_6,27.13,3.9
799,2016-08-01 04:50:00,unresponsive_loads,10000.0,2.0396
800,2016-08-01 04:50:00,WS_export,15.370000000000001,0.0
801,2016-08-01 04:55:00,house_3,17.0836353400306,2.52864
802,2016-08-01 04:55:00,Battery_1,27.13,3.9
803,2016-08-01 04:55:00,Battery_2,27.13,3.9
804,2016-08-01 04:55:00,Battery_3,27.13,3.9
805,2016-08-01 04:55:00,Battery_4,27.13,3.9
806,2016-08-01 04:55:00,Battery_5,27.13,3.9
807,2016-08-01 04:55:00,Battery_6,27.13,3.9
808,2016-08-01 04:55:00,unresponsive_loads,10000.0,2.0404
809,2016-08-01 04:55:00,WS_export,15.370000000000001,0.0
810,2016-08-01 05:00:00,house_1,17.344272634968153,2.14108
811,2016-08-01 05:00:00,house_2,17.344374601479156,2.14108
812,2016-08-01 05:00:00,house_6,17.344403941323176,2.14108
813,2016-08-01 05:00:00,Battery_1,27.13,3.9
814,2016-08-01 05:00:00,Battery_2,27.13,3.9
815,2016-08-01 05:00:00,Battery_3,27.13,3.9
816,2016-08-01 05:00:00,Battery_4,27.13,3.9
817,2016-08-01 05:00:00,Battery_5,27.13,3.9
818,2016-08-01 05:00:00,Battery_6,27.13,3.9
819,2016-08-01 05:00:00,unresponsive_loads,10000.0,2.2392
820,2016-08-01 05:00:00,WS_export,16.2,0.0
821,2016-08-01 05:05:00,Battery_1,27.13,3.9
822,2016-08-01 05:05:00,Battery_2,27.13,3.9
823,2016-08-01 05:05:00,Battery_3,27.13,3.9
824,2016-08-01 05:05:00,Battery_4,27.13,3.9
825,2016-08-01 05:05:00,Battery_5,27.13,3.9
826,2016-08-01 05:05:00,Battery_6,27.13,3.9
827,2016-08-01 05:05:00,unresponsive_loads,10000.0,2.361
828,2016-08-01 05:05:00,WS_export,16.2,0.0
829,2016-08-01 05:10:00,house_4,17.304220989279628,2.14117
830,2016-08-01 05:10:00,house_5,17.304108562834166,2.14117
831,2016-08-01 05:10:00,Battery_1,27.13,3.9
832,2016-08-01 05:10:00,Battery_2,27.13,3.9
833,2016-08-01 05:10:00,Battery_3,27.13,3.9
834,2016-08-01 05:10:00,Battery_4,27.13,3.9
835,2016-08-01 05:10:00,Battery_5,27.13,3.9
836,2016-08-01 05:10:00,Battery_6,27.13,3.9
837,2016-08-01 05:10:00,unresponsive_loads,10000.0,2.3578
838,2016-08-01 05:10:00,WS_export,16.2,0.0
839,2016-08-01 05:15:00,Battery_1,27.13,3.9
840,2016-08-01 05:15:00,Battery_2,27.13,3.9
841,2016-08-01 05:15:00,Battery_3,27.13,3.9
842,2016-08-01 05:15:00,Battery_4,27.13,3.9
843,2016-08-01 05:15:00,Battery_5,27.13,3.9
844,2016-08-01 05:15:00,Battery_6,27.13,3.9
845,2016-08-01 05:15:00,unresponsive_loads,10000.0,2.3585
846,2016-08-01 05:15:00,WS_export,16.369999999999997,0.0
847,2016-08-01 05:20:00,Battery_1,27.13,3.9
848,2016-08-01 05:20:00,Battery_2,27.13,3.9
849,2016-08-01 05:20:00,Battery_3,27.13,3.9
850,2016-08-01 05:20:00,Battery_4,27.13,3.9
851,2016-08-01 05:20:00,Battery_5,27.13,3.9
852,2016-08-01 05:20:00,Battery_6,27.13,3.9
853,2016-08-01 05:20:00,unresponsive_loads,10000.0,2.3579
854,2016-08-01 05:20:00,WS_export,16.369999999999997,0.0
855,2016-08-01 05:25:00,house_3,17.389110043130184,2.52859
856,2016-08-01 05:25:00,Battery_1,27.13,3.9
857,2016-08-01 05:25:00,Battery_2,27.13,3.9
858,2016-08-01 05:25:00,Battery_3,27.13,3.9
859,2016-08-01 05:25:00,Battery_4,27.13,3.9
860,2016-08-01 05:25:00,Battery_5,27.13,3.9
861,2016-08-01 05:25:00,Battery_6,27.13,3.9
862,2016-08-01 05:25:00,unresponsive_loads,10000.0,2.1768
863,2016-08-01 05:25:00,WS_export,16.369999999999997,0.0
864,2016-08-01 05:30:00,Battery_1,27.13,3.9
865,2016-08-01 05:30:00,Battery_2,27.13,3.9
866,2016-08-01 05:30:00,Battery_3,27.13,3.9
867,2016-08-01 05:30:00,Battery_4,27.13,3.9
868,2016-08-01 05:30:00,Battery_5,27.13,3.9
869,2016-08-01 05:30:00,Battery_6,27.13,3.9
870,2016-08-01 05:30:00,unresponsive_loads,10000.0,2.1774
871,2016-08-01 05:30:00,WS_export,16.819999999999997,0.0
872,2016-08-01 05:35:00,Battery_1,27.13,3.9
873,2016-08-01 05:35:00,Battery_2,27.13,3.9
874,2016-08-01 05:35:00,Battery_3,27.13,3.9
875,2016-08-01 05:35:00,Battery_4,27.13,3.9
876,2016-08-01 05:35:00,Battery_5,27.13,3.9
877,2016-08-01 05:35:00,Battery_6,27.13,3.9
878,2016-08-01 05:35:00,unresponsive_loads,10000.0,2.1769
879,2016-08-01 05:35:00,WS_export,16.819999999999997,0.0
880,2016-08-01 05:40:00,house_4,17.612323825863214,2.14117
881,2016-08-01 05:40:00,Battery_1,27.13,3.9
882,2016-08-01 05:40:00,Battery_2,27.13,3.9
883,2016-08-01 05:40:00,Battery_3,27.13,3.9
884,2016-08-01 05:40:00,Battery_4,27.13,3.9
885,2016-08-01 05:40:00,Battery_5,27.13,3.9
886,2016-08-01 05:40:00,Battery_6,27.13,3.9
887,2016-08-01 05:40:00,unresponsive_loads,10000.0,2.177
888,2016-08-01 05:40:00,WS_export,16.819999999999997,0.0
889,2016-08-01 05:45:00,Battery_1,27.13,3.9
890,2016-08-01 05:45:00,Battery_2,27.13,3.9
891,2016-08-01 05:45:00,Battery_3,27.13,3.9
892,2016-08-01 05:45:00,Battery_4,27.13,3.9
893,2016-08-01 05:45:00,Battery_5,27.13,3.9
894,2016-08-01 05:45:00,Battery_6,27.13,3.9
895,2016-08-01 05:45:00,unresponsive_loads,10000.0,2.1629
896,2016-08-01 05:45:00,WS_export,17.139999999999997,0.0
897,2016-08-01 05:50:00,house_1,17.83111519611867,2.14116
898,2016-08-01 05:50:00,Battery_1,27.13,3.9
899,2016-08-01 05:50:00,Battery_2,27.13,3.9
900,2016-08-01 05:50:00,Battery_3,27.13,3.9
901,2016-08-01 05:50:00,Battery_4,27.13,3.9
902,2016-08-01 05:50:00,Battery_5,27.13,3.9
903,2016-08-01 05:50:00,Battery_6,27.13,3.9
904,2016-08-01 05:50:00,unresponsive_loads,10000.0,2.1495
905,2016-08-01 05:50:00,WS_export,17.139999999999997,0.0
906,2016-08-01 05:55:00,house_5,17.96277978191081,2.14117
907,2016-08-01 05:55:00,house_6,17.96290979844571,2.14117
908,2016-08-01 05:55:00,Battery_1,27.13,3.9
909,2016-08-01 05:55:00,Battery_2,27.13,3.9
910,2016-08-01 05:55:00,Battery_3,27.13,3.9
911,2016-08-01 05:55:00,Battery_4,27.13,3.9
912,2016-08-01 05:55:00,Battery_5,27.13,3.9
913,2016-08-01 05:55:00,Battery_6,27.13,3.9
914,2016-08-01 05:55:00,unresponsive_loads,10000.0,2.1483
915,2016-08-01 05:55:00,WS_export,17.139999999999997,0.0
916,2016-08-01 06:00:00,house_2,17.79782279555965,2.14116
917,2016-08-01 06:00:00,Battery_1,27.13,3.9
918,2016-08-01 06:00:00,Battery_2,27.13,3.9
919,2016-08-01 06:00:00,Battery_3,27.13,3.9
920,2016-08-01 06:00:00,Battery_4,27.13,3.9
921,2016-08-01 06:00:00,Battery_5,27.13,3.9
922,2016-08-01 06:00:00,Battery_6,27.13,3.9
923,2016-08-01 06:00:00,unresponsive_loads,10000.0,2.1397
924,2016-08-01 06:00:00,WS_export,17.509999999999998,0.0
925,2016-08-01 06:05:00,Battery_1,27.13,3.9
926,2016-08-01 06:05:00,Battery_2,27.13,3.9
927,2016-08-01 06:05:00,Battery_3,27.13,3.9
928,2016-08-01 06:05:00,Battery_4,27.13,3.9
929,2016-08-01 06:05:00,Battery_5,27.13,3.9
930,2016-08-01 06:05:00,Battery_6,27.13,3.9
931,2016-08-01 06:05:00,unresponsive_loads,10000.0,2.4506
932,2016-08-01 06:05:00,WS_export,17.509999999999998,0.0
933,2016-08-01 06:10:00,Battery_1,27.13,3.9
934,2016-08-01 06:10:00,Battery_2,27.13,3.9
935,2016-08-01 06:10:00,Battery_3,27.13,3.9
936,2016-08-01 06:10:00,Battery_4,27.13,3.9
937,2016-08-01 06:10:00,Battery_5,27.13,3.9
938,2016-08-01 06:10:00,Battery_6,27.13,3.9
939,2016-08-01 06:10:00,unresponsive_loads,10000.0,2.4351
940,2016-08-01 06:10:00,WS_export,17.509999999999998,0.0
941,2016-08-01 06:15:00,Battery_1,27.13,3.9
942,2016-08-01 06:15:00,Battery_2,27.13,3.9
943,2016-08-01 06:15:00,Battery_3,27.13,3.9
944,2016-08-01 06:15:00,Battery_4,27.13,3.9
945,2016-08-01 06:15:00,Battery_5,27.13,3.9
946,2016-08-01 06:15:00,Battery_6,27.13,3.9
947,2016-08-01 06:15:00,unresponsive_loads,10000.0,2.4138
948,2016-08-01 06:15:00,WS_export,17.849999999999998,0.0
949,2016-08-01 06:20:00,Battery_1,27.13,3.9
950,2016-08-01 06:20:00,Battery_2,27.13,3.9
951,2016-08-01 06:20:00,Battery_3,27.13,3.9
952,2016-08-01 06:20:00,Battery_4,27.13,3.9
953,2016-08-01 06:20:00,Battery_5,27.13,3.9
954,2016-08-01 06:20:00,Battery_6,27.13,3.9
955,2016-08-01 06:20:00,unresponsive_loads,10000.0,2.6317
956,2016-08-01 06:20:00,WS_export,17.849999999999998,0.0
957,2016-08-01 06:25:00,Battery_1,27.13,3.9
958,2016-08-01 06:25:00,Battery_2,27.13,3.9
959,2016-08-01 06:25:00,Battery_3,27.13,3.9
960,2016-08-01 06:25:00,Battery_4,27.13,3.9
961,2016-08-01 06:25:00,Battery_5,27.13,3.9
962,2016-08-01 06:25:00,Battery_6,27.13,3.9
963,2016-08-01 06:25:00,unresponsive_loads,10000.0,2.6144
964,2016-08-01 06:25:00,WS_export,17.849999999999998,0.0
965,2016-08-01 06:30:00,Battery_1,27.13,3.9
966,2016-08-01 06:30:00,Battery_2,27.13,3.9
967,2016-08-01 06:30:00,Battery_3,27.13,3.9
968,2016-08-01 06:30:00,Battery_4,27.13,3.9
969,2016-08-01 06:30:00,Battery_5,27.13,3.9
970,2016-08-01 06:30:00,Battery_6,27.13,3.9
971,2016-08-01 06:30:00,unresponsive_loads,10000.0,2.6152
972,2016-08-01 06:30:00,WS_export,17.86,0.0
973,2016-08-01 06:35:00,house_4,17.362386421367606,2.14117
974,2016-08-01 06:35:00,Battery_1,27.13,3.9
975,2016-08-01 06:35:00,Battery_2,27.13,3.9
976,2016-08-01 06:35:00,Battery_3,27.13,3.9
977,2016-08-01 06:35:00,Battery_4,27.13,3.9
978,2016-08-01 06:35:00,Battery_5,27.13,3.9
979,2016-08-01 06:35:00,Battery_6,27.13,3.9
980,2016-08-01 06:35:00,unresponsive_loads,10000.0,2.7971
981,2016-08-01 06:35:00,WS_export,17.86,0.0
982,2016-08-01 06:40:00,house_3,17.440695612958102,2.52864
983,2016-08-01 06:40:00,house_4,17.441488743274622,2.14117
984,2016-08-01 06:40:00,Battery_1,27.13,3.9
985,2016-08-01 06:40:00,Battery_2,27.13,3.9
986,2016-08-01 06:40:00,Battery_3,27.13,3.9
987,2016-08-01 06:40:00,Battery_4,27.13,3.9
988,2016-08-01 06:40:00,Battery_5,27.13,3.9
989,2016-08-01 06:40:00,Battery_6,27.13,3.9
990,2016-08-01 06:40:00,unresponsive_loads,10000.0,2.7979
991,2016-08-01 06:40:00,WS_export,17.86,0.0
992,2016-08-01 06:45:00,house_1,17.54463694464018,2.14116
993,2016-08-01 06:45:00,house_3,17.5439674749212,2.52864
994,2016-08-01 06:45:00,house_4,17.54475934846608,2.14117
995,2016-08-01 06:45:00,house_5,17.544642992894232,2.14117
996,2016-08-01 06:45:00,house_6,17.544770607297707,2.14117
997,2016-08-01 06:45:00,Battery_1,27.13,3.9
998,2016-08-01 06:45:00,Battery_2,27.13,3.9
999,2016-08-01 06:45:00,Battery_3,27.13,3.9
1000,2016-08-01 06:45:00,Battery_4,27.13,3.9
1001,2016-08-01 06:45:00,Battery_5,27.13,3.9
1002,2016-08-01 06:45:00,Battery_6,27.13,3.9
1003,2016-08-01 06:45:00,unresponsive_loads,10000.0,5.8215
1004,2016-08-01 06:45:00,WS_export,17.81,0.0
1005,2016-08-01 06:50:00,house_1,17.670945495248645,2.14116
1006,2016-08-01 06:50:00,house_2,17.671045813592738,2.14117
1007,2016-08-01 06:50:00,house_3,17.670276735232726,2.52864
1008,2016-08-01 06:50:00,house_4,17.67106782807969,2.14117
1009,2016-08-01 06:50:00,house_5,17.670951609962515,2.14117
1010,2016-08-01 06:50:00,house_6,17.671079186041283,2.14117
1011,2016-08-01 06:50:00,Battery_1,27.13,3.9
1012,2016-08-01 06:50:00,Battery_2,27.13,3.9
1013,2016-08-01 06:50:00,Battery_3,27.13,3.9
1014,2016-08-01 06:50:00,Battery_4,27.13,3.9
1015,2016-08-01 06:50:00,Battery_5,27.13,3.9
1016,2016-08-01 06:50:00,Battery_6,27.13,3.9
1017,2016-08-01 06:50:00,unresponsive_loads,10000.0,2.7816
1018,2016-08-01 06:50:00,WS_export,17.81,0.0
1019,2016-08-01 06:55:00,house_1,17.819611752792156,2.14116
1020,2016-08-01 06:55:00,house_2,17.819713947327376,2.14117
1021,2016-08-01 06:55:00,house_3,17.818943347000474,2.52864
1022,2016-08-01 06:55:00,house_4,17.81973405432594,2.14117
1023,2016-08-01 06:55:00,house_5,17.819617926822712,2.14117
1024,2016-08-01 06:55:00,house_6,17.819745507449184,2.14117
1025,2016-08-01 06:55:00,Battery_1,27.13,3.9
1026,2016-08-01 06:55:00,Battery_2,27.13,3.9
1027,2016-08-01 06:55:00,Battery_3,27.13,3.9
1028,2016-08-01 06:55:00,Battery_4,27.13,3.9
1029,2016-08-01 06:55:00,Battery_5,27.13,3.9
1030,2016-08-01 06:55:00,Battery_6,27.13,3.9
1031,2016-08-01 06:55:00,unresponsive_loads,10000.0,2.6016
1032,2016-08-01 06:55:00,WS_export,17.81,0.0
1033,2016-08-01 07:00:00,house_1,18.96180412338523,2.14116
1034,2016-08-01 07:00:00,house_2,18.961913912612772,2.14117
1035,2016-08-01 07:00:00,house_3,18.96109970445808,2.52864
1036,2016-08-01 07:00:00,house_4,18.961933027542837,2.14117
1037,2016-08-01 07:00:00,house_5,18.961810696059555,2.14117
1038,2016-08-01 07:00:00,house_6,18.961945203865643,2.14117
1039,2016-08-01 07:00:00,Battery_1,27.13,3.9
1040,2016-08-01 07:00:00,Battery_2,27.13,3.9
1041,2016-08-01 07:00:00,Battery_3,27.13,3.9
1042,2016-08-01 07:00:00,Battery_4,27.13,3.9
1043,2016-08-01 07:00:00,Battery_5,27.13,3.9
1044,2016-08-01 07:00:00,Battery_6,27.13,3.9
1045,2016-08-01 07:00:00,unresponsive_loads,10000.0,2.7475
1046,2016-08-01 07:00:00,WS_export,17.91,0.0
1047,2016-08-01 07:05:00,Battery_1,27.13,3.9
1048,2016-08-01 07:05:00,Battery_2,27.13,3.9
1049,2016-08-01 07:05:00,Battery_3,27.13,3.9
1050,2016-08-01 07:05:00,Battery_4,27.13,3.9
1051,2016-08-01 07:05:00,Battery_5,27.13,3.9
1052,2016-08-01 07:05:00,Battery_6,27.13,3.9
1053,2016-08-01 07:05:00,unresponsive_loads,10000.0,2.9492
1054,2016-08-01 07:05:00,WS_export,17.91,0.0
1055,2016-08-01 07:10:00,Battery_1,27.13,3.9
1056,2016-08-01 07:10:00,Battery_2,27.13,3.9
1057,2016-08-01 07:10:00,Battery_3,27.13,3.9
1058,2016-08-01 07:10:00,Battery_4,27.13,3.9
1059,2016-08-01 07:10:00,Battery_5,27.13,3.9
1060,2016-08-01 07:10:00,Battery_6,27.13,3.9
1061,2016-08-01 07:10:00,unresponsive_loads,10000.0,2.864
1062,2016-08-01 07:10:00,WS_export,17.91,0.0
1063,2016-08-01 07:15:00,Battery_1,27.13,3.9
1064,2016-08-01 07:15:00,Battery_2,27.13,3.9
1065,2016-08-01 07:15:00,Battery_3,27.13,3.9
1066,2016-08-01 07:15:00,Battery_4,27.13,3.9
1067,2016-08-01 07:15:00,Battery_5,27.13,3.9
1068,2016-08-01 07:15:00,Battery_6,27.13,3.9
1069,2016-08-01 07:15:00,unresponsive_loads,10000.0,2.8698
1070,2016-08-01 07:15:00,WS_export,18.2,0.0
1071,2016-08-01 07:20:00,house_1,19.33741105078119,2.14116
1072,2016-08-01 07:20:00,house_2,19.33751564843223,2.14116
1073,2016-08-01 07:20:00,house_3,19.336647814793693,2.52864
1074,2016-08-01 07:20:00,house_4,19.33754174441714,2.14117
1075,2016-08-01 07:20:00,house_5,19.33741817077858,2.14117
1076,2016-08-01 07:20:00,house_6,19.33755537695854,2.14117
1077,2016-08-01 07:20:00,Battery_1,27.13,3.9
1078,2016-08-01 07:20:00,Battery_2,27.13,3.9
1079,2016-08-01 07:20:00,Battery_3,27.13,3.9
1080,2016-08-01 07:20:00,Battery_4,27.13,3.9
1081,2016-08-01 07:20:00,Battery_5,27.13,3.9
1082,2016-08-01 07:20:00,Battery_6,27.13,3.9
1083,2016-08-01 07:20:00,unresponsive_loads,10000.0,4.8385
1084,2016-08-01 07:20:00,WS_export,18.2,0.0
1085,2016-08-01 07:25:00,Battery_1,27.13,3.9
1086,2016-08-01 07:25:00,Battery_2,27.13,3.9
1087,2016-08-01 07:25:00,Battery_3,27.13,3.9
1088,2016-08-01 07:25:00,Battery_4,27.13,3.9
1089,2016-08-01 07:25:00,Battery_5,27.13,3.9
1090,2016-08-01 07:25:00,Battery_6,27.13,3.9
1091,2016-08-01 07:25:00,unresponsive_loads,10000.0,2.9378
1092,2016-08-01 07:25:00,WS_export,18.2,0.0
1093,2016-08-01 07:30:00,Battery_1,27.13,3.9
1094,2016-08-01 07:30:00,Battery_2,27.13,3.9
1095,2016-08-01 07:30:00,Battery_3,27.13,3.9
1096,2016-08-01 07:30:00,Battery_4,27.13,3.9
1097,2016-08-01 07:30:00,Battery_5,27.13,3.9
1098,2016-08-01 07:30:00,Battery_6,27.13,3.9
1099,2016-08-01 07:30:00,unresponsive_loads,10000.0,2.8714
1100,2016-08-01 07:30:00,WS_export,18.5,0.0
1101,2016-08-01 07:35:00,Battery_1,27.13,3.9
1102,2016-08-01 07:35:00,Battery_2,27.13,3.9
1103,2016-08-01 07:35:00,Battery_3,27.13,3.9
1104,2016-08-01 07:35:00,Battery_4,27.13,3.9
1105,2016-08-01 07:35:00,Battery_5,27.13,3.9
1106,2016-08-01 07:35:00,Battery_6,27.13,3.9
1107,2016-08-01 07:35:00,unresponsive_loads,10000.0,2.8716
1108,2016-08-01 07:35:00,WS_export,18.5,0.0
1109,2016-08-01 07:40:00,house_1,20.083419246439522,2.15152
1110,2016-08-01 07:40:00,house_2,20.083519454617768,2.15152
1111,2016-08-01 07:40:00,house_3,20.082614010346198,2.54104
1112,2016-08-01 07:40:00,house_4,20.083551147280414,2.1515
1113,2016-08-01 07:40:00,house_5,20.083426637620295,2.15154
1114,2016-08-01 07:40:00,house_6,20.083565506404586,2.15154
1115,2016-08-01 07:40:00,Battery_1,27.13,3.9
1116,2016-08-01 07:40:00,Battery_2,27.13,3.9
1117,2016-08-01 07:40:00,Battery_3,27.13,3.9
1118,2016-08-01 07:40:00,Battery_4,27.13,3.9
1119,2016-08-01 07:40:00,Battery_5,27.13,3.9
1120,2016-08-01 07:40:00,Battery_6,27.13,3.9
1121,2016-08-01 07:40:00,unresponsive_loads,10000.0,2.664
1122,2016-08-01 07:40:00,WS_export,18.5,0.0
1123,2016-08-01 07:45:00,Battery_1,27.13,3.9
1124,2016-08-01 07:45:00,Battery_2,27.13,3.9
1125,2016-08-01 07:45:00,Battery_3,27.13,3.9
1126,2016-08-01 07:45:00,Battery_4,27.13,3.9
1127,2016-08-01 07:45:00,Battery_5,27.13,3.9
1128,2016-08-01 07:45:00,Battery_6,27.13,3.9
1129,2016-08-01 07:45:00,unresponsive_loads,10000.0,2.7565
1130,2016-08-01 07:45:00,WS_export,18.779999999999998,0.0
1131,2016-08-01 07:50:00,Battery_1,27.13,3.9
1132,2016-08-01 07:50:00,Battery_2,27.13,3.9
1133,2016-08-01 07:50:00,Battery_3,27.13,3.9
1134,2016-08-01 07:50:00,Battery_4,27.13,3.9
1135,2016-08-01 07:50:00,Battery_5,27.13,3.9
1136,2016-08-01 07:50:00,Battery_6,27.13,3.9
1137,2016-08-01 07:50:00,unresponsive_loads,10000.0,2.9282
1138,2016-08-01 07:50:00,WS_export,18.779999999999998,0.0
1139,2016-08-01 07:55:00,Battery_1,27.13,3.9
1140,2016-08-01 07:55:00,Battery_2,27.13,3.9
1141,2016-08-01 07:55:00,Battery_3,27.13,3.9
1142,2016-08-01 07:55:00,Battery_4,27.13,3.9
1143,2016-08-01 07:55:00,Battery_5,27.13,3.9
1144,2016-08-01 07:55:00,Battery_6,27.13,3.9
1145,2016-08-01 07:55:00,unresponsive_loads,10000.0,2.8739
1146,2016-08-01 07:55:00,WS_export,18.779999999999998,0.0
1147,2016-08-01 08:00:00,house_1,22.21020408490925,2.16141
1148,2016-08-01 08:00:00,house_2,22.210306446336347,2.16141
1149,2016-08-01 08:00:00,house_3,22.209310705419703,2.55295
1150,2016-08-01 08:00:00,house_4,22.210344717782423,2.16142
1151,2016-08-01 08:00:00,house_5,22.210212064241716,2.16142
1152,2016-08-01 08:00:00,house_6,22.210360434002542,2.16142
1153,2016-08-01 08:00:00,Battery_1,27.13,3.9
1154,2016-08-01 08:00:00,Battery_2,27.13,3.9
1155,2016-08-01 08:00:00,Battery_3,27.13,3.9
1156,2016-08-01 08:00:00,Battery_4,27.13,3.9
1157,2016-08-01 08:00:00,Battery_5,27.13,3.9
1158,2016-08-01 08:00:00,Battery_6,27.13,3.9
1159,2016-08-01 08:00:00,unresponsive_loads,10000.0,2.8919
1160,2016-08-01 08:00:00,WS_export,19.119999999999997,0.0
1161,2016-08-01 08:05:00,Battery_1,27.13,3.9
1162,2016-08-01 08:05:00,Battery_2,27.13,3.9
1163,2016-08-01 08:05:00,Battery_3,27.13,3.9
1164,2016-08-01 08:05:00,Battery_4,27.13,3.9
1165,2016-08-01 08:05:00,Battery_5,27.13,3.9
1166,2016-08-01 08:05:00,Battery_6,27.13,3.9
1167,2016-08-01 08:05:00,unresponsive_loads,10000.0,2.9677
1168,2016-08-01 08:05:00,WS_export,19.119999999999997,0.0
1169,2016-08-01 08:10:00,Battery_1,27.13,3.9
1170,2016-08-01 08:10:00,Battery_2,27.13,3.9
1171,2016-08-01 08:10:00,Battery_3,27.13,3.9
1172,2016-08-01 08:10:00,Battery_4,27.13,3.9
1173,2016-08-01 08:10:00,Battery_5,27.13,3.9
1174,2016-08-01 08:10:00,Battery_6,27.13,3.9
1175,2016-08-01 08:10:00,unresponsive_loads,10000.0,2.9051
1176,2016-08-01 08:10:00,WS_export,19.119999999999997,0.0
1177,2016-08-01 08:15:00,house_1,22.69637479345652,2.17083
1178,2016-08-01 08:15:00,house_4,22.696519508127782,2.17085
1179,2016-08-01 08:15:00,house_5,22.696383099362713,2.17084
1180,2016-08-01 08:15:00,house_6,22.696536267181987,2.17084
1181,2016-08-01 08:15:00,Battery_1,27.13,3.9
1182,2016-08-01 08:15:00,Battery_2,27.13,3.9
1183,2016-08-01 08:15:00,Battery_3,27.13,3.9
1184,2016-08-01 08:15:00,Battery_4,27.13,3.9
1185,2016-08-01 08:15:00,Battery_5,27.13,3.9
1186,2016-08-01 08:15:00,Battery_6,27.13,3.9
1187,2016-08-01 08:15:00,unresponsive_loads,10000.0,2.8949
1188,2016-08-01 08:15:00,WS_export,19.389999999999997,0.0
1189,2016-08-01 08:20:00,house_2,22.921473344491474,2.17083
1190,2016-08-01 08:20:00,house_3,22.92046056130358,2.56426
1191,2016-08-01 08:20:00,Battery_1,27.13,3.9
1192,2016-08-01 08:20:00,Battery_2,27.13,3.9
1193,2016-08-01 08:20:00,Battery_3,27.13,3.9
1194,2016-08-01 08:20:00,Battery_4,27.13,3.9
1195,2016-08-01 08:20:00,Battery_5,27.13,3.9
1196,2016-08-01 08:20:00,Battery_6,27.13,3.9
1197,2016-08-01 08:20:00,unresponsive_loads,10000.0,2.7476
1198,2016-08-01 08:20:00,WS_export,19.389999999999997,0.0
1199,2016-08-01 08:25:00,Battery_1,27.13,3.9
1200,2016-08-01 08:25:00,Battery_2,27.13,3.9
1201,2016-08-01 08:25:00,Battery_3,27.13,3.9
1202,2016-08-01 08:25:00,Battery_4,27.13,3.9
1203,2016-08-01 08:25:00,Battery_5,27.13,3.9
1204,2016-08-01 08:25:00,Battery_6,27.13,3.9
1205,2016-08-01 08:25:00,unresponsive_loads,10000.0,2.7483
1206,2016-08-01 08:25:00,WS_export,19.389999999999997,0.0
1207,2016-08-01 08:30:00,house_1,23.44870663110514,2.17691
1208,2016-08-01 08:30:00,house_4,23.448852827177276,2.17692
1209,2016-08-01 08:30:00,house_5,23.44871496208805,2.17692
1210,2016-08-01 08:30:00,house_6,23.448869775665152,2.17692
1211,2016-08-01 08:30:00,Battery_1,27.13,3.9
1212,2016-08-01 08:30:00,Battery_2,27.13,3.9
1213,2016-08-01 08:30:00,Battery_3,27.13,3.9
1214,2016-08-01 08:30:00,Battery_4,27.13,3.9
1215,2016-08-01 08:30:00,Battery_5,27.13,3.9
1216,2016-08-01 08:30:00,Battery_6,27.13,3.9
1217,2016-08-01 08:30:00,unresponsive_loads,10000.0,2.7373
1218,2016-08-01 08:30:00,WS_export,19.11,0.0
1219,2016-08-01 08:35:00,house_2,23.749039518546137,2.17894
1220,2016-08-01 08:35:00,house_3,23.747947083352106,2.57398
1221,2016-08-01 08:35:00,Battery_1,27.13,3.9
1222,2016-08-01 08:35:00,Battery_2,27.13,3.9
1223,2016-08-01 08:35:00,Battery_3,27.13,3.9
1224,2016-08-01 08:35:00,Battery_4,27.13,3.9
1225,2016-08-01 08:35:00,Battery_5,27.13,3.9
1226,2016-08-01 08:35:00,Battery_6,27.13,3.9
1227,2016-08-01 08:35:00,unresponsive_loads,10000.0,2.7895
1228,2016-08-01 08:35:00,WS_export,19.11,0.0
1229,2016-08-01 08:40:00,Battery_1,27.13,3.9
1230,2016-08-01 08:40:00,Battery_2,27.13,3.9
1231,2016-08-01 08:40:00,Battery_3,27.13,3.9
1232,2016-08-01 08:40:00,Battery_4,27.13,3.9
1233,2016-08-01 08:40:00,Battery_5,27.13,3.9
1234,2016-08-01 08:40:00,Battery_6,27.13,3.9
1235,2016-08-01 08:40:00,unresponsive_loads,10000.0,2.7354
1236,2016-08-01 08:40:00,WS_export,19.11,0.0
1237,2016-08-01 08:45:00,house_1,24.421187974832627,2.18319
1238,2016-08-01 08:45:00,house_4,24.42133609149375,2.1832
1239,2016-08-01 08:45:00,house_5,24.42119630471824,2.1832
1240,2016-08-01 08:45:00,house_6,24.421353164578715,2.1832
1241,2016-08-01 08:45:00,Battery_1,27.13,3.9
1242,2016-08-01 08:45:00,Battery_2,27.13,3.9
1243,2016-08-01 08:45:00,Battery_3,27.13,3.9
1244,2016-08-01 08:45:00,Battery_4,27.13,3.9
1245,2016-08-01 08:45:00,Battery_5,27.13,3.9
1246,2016-08-01 08:45:00,Battery_6,27.13,3.9
1247,2016-08-01 08:45:00,unresponsive_loads,10000.0,2.6174
1248,2016-08-01 08:45:00,WS_export,18.95,0.0
1249,2016-08-01 08:50:00,house_1,24.794391438323796,2.18967
1250,2016-08-01 08:50:00,house_2,24.794569705180734,2.18529
1251,2016-08-01 08:50:00,house_3,24.79343311997236,2.5816
1252,2016-08-01 08:50:00,house_6,24.79458510107826,2.18968
1253,2016-08-01 08:50:00,Battery_1,27.13,3.9
1254,2016-08-01 08:50:00,Battery_2,27.13,3.9
1255,2016-08-01 08:50:00,Battery_3,27.13,3.9
1256,2016-08-01 08:50:00,Battery_4,27.13,3.9
1257,2016-08-01 08:50:00,Battery_5,27.13,3.9
1258,2016-08-01 08:50:00,Battery_6,27.13,3.9
1259,2016-08-01 08:50:00,unresponsive_loads,10000.0,2.652
1260,2016-08-01 08:50:00,WS_export,18.95,0.0
1261,2016-08-01 08:55:00,Battery_1,27.13,3.9
1262,2016-08-01 08:55:00,Battery_2,27.13,3.9
1263,2016-08-01 08:55:00,Battery_3,27.13,3.9
1264,2016-08-01 08:55:00,Battery_4,27.13,3.9
1265,2016-08-01 08:55:00,Battery_5,27.13,3.9
1266,2016-08-01 08:55:00,Battery_6,27.13,3.9
1267,2016-08-01 08:55:00,unresponsive_loads,10000.0,2.6521
1268,2016-08-01 08:55:00,WS_export,18.95,0.0
1269,2016-08-01 09:00:00,house_4,26.7860504675239,2.18968
1270,2016-08-01 09:00:00,house_5,26.785901747282555,2.18968
1271,2016-08-01 09:00:00,Battery_1,27.13,3.9
1272,2016-08-01 09:00:00,Battery_2,27.13,3.9
1273,2016-08-01 09:00:00,Battery_3,27.13,3.9
1274,2016-08-01 09:00:00,Battery_4,27.13,3.9
1275,2016-08-01 09:00:00,Battery_5,27.13,3.9
1276,2016-08-01 09:00:00,Battery_6,27.13,3.9
1277,2016-08-01 09:00:00,unresponsive_loads,10000.0,2.6389
1278,2016-08-01 09:00:00,WS_export,18.77,0.0
1279,2016-08-01 09:05:00,house_1,27.00236150148809,2.19184
1280,2016-08-01 09:05:00,house_2,27.002565186522016,2.19184
1281,2016-08-01 09:05:00,house_3,27.001337208564234,2.58945
1282,2016-08-01 09:05:00,house_6,27.002544754920375,2.19179
1283,2016-08-01 09:05:00,Battery_1,27.13,3.9
1284,2016-08-01 09:05:00,Battery_2,27.13,3.9
1285,2016-08-01 09:05:00,Battery_3,27.13,3.9
1286,2016-08-01 09:05:00,Battery_4,27.13,3.9
1287,2016-08-01 09:05:00,Battery_5,27.13,3.9
1288,2016-08-01 09:05:00,Battery_6,27.13,3.9
1289,2016-08-01 09:05:00,unresponsive_loads,10000.0,2.6773
1290,2016-08-01 09:05:00,WS_export,18.77,0.0
1291,2016-08-01 09:10:00,Battery_1,27.13,3.9
1292,2016-08-01 09:10:00,Battery_2,27.13,3.9
1293,2016-08-01 09:10:00,Battery_3,27.13,3.9
1294,2016-08-01 09:10:00,Battery_4,27.13,3.9
1295,2016-08-01 09:10:00,Battery_5,27.13,3.9
1296,2016-08-01 09:10:00,Battery_6,27.13,3.9
1297,2016-08-01 09:10:00,unresponsive_loads,10000.0,2.6999
1298,2016-08-01 09:10:00,WS_export,18.77,0.0
1299,2016-08-01 09:15:00,house_4,27.48427004373784,2.19636
1300,2016-08-01 09:15:00,house_5,27.48412295617354,2.19636
1301,2016-08-01 09:15:00,Battery_1,27.13,3.9
1302,2016-08-01 09:15:00,Battery_2,27.13,3.9
1303,2016-08-01 09:15:00,Battery_3,27.13,3.9
1304,2016-08-01 09:15:00,Battery_4,27.13,3.9
1305,2016-08-01 09:15:00,Battery_5,27.13,3.9
1306,2016-08-01 09:15:00,Battery_6,27.13,3.9
1307,2016-08-01 09:15:00,unresponsive_loads,10000.0,2.6746
1308,2016-08-01 09:15:00,WS_export,19.009999999999998,0.0
1309,2016-08-01 09:20:00,house_1,27.746216261016034,2.19918
1310,2016-08-01 09:20:00,house_2,27.74638690670878,2.19918
1311,2016-08-01 09:20:00,house_3,27.74513720779993,2.5982
1312,2016-08-01 09:20:00,house_4,27.74630800846587,2.20458
1313,2016-08-01 09:20:00,house_6,27.74639512584182,2.19913
1314,2016-08-01 09:20:00,Battery_1,27.13,3.9
1315,2016-08-01 09:20:00,Battery_2,27.13,3.9
1316,2016-08-01 09:20:00,Battery_3,27.13,3.9
1317,2016-08-01 09:20:00,Battery_4,27.13,3.9
1318,2016-08-01 09:20:00,Battery_5,27.13,3.9
1319,2016-08-01 09:20:00,Battery_6,27.13,3.9
1320,2016-08-01 09:20:00,unresponsive_loads,10000.0,3.0264
1321,2016-08-01 09:20:00,WS_export,19.009999999999998,0.0
1322,2016-08-01 09:25:00,house_1,28.021331464388513,2.20716
1323,2016-08-01 09:25:00,house_6,28.021541471159964,2.20712
1324,2016-08-01 09:25:00,Battery_1,27.13,3.9
1325,2016-08-01 09:25:00,Battery_2,27.13,3.9
1326,2016-08-01 09:25:00,Battery_3,27.13,3.9
1327,2016-08-01 09:25:00,Battery_4,27.13,3.9
1328,2016-08-01 09:25:00,Battery_5,27.13,3.9
1329,2016-08-01 09:25:00,Battery_6,27.13,3.9
1330,2016-08-01 09:25:00,unresponsive_loads,10000.0,3.0522
1331,2016-08-01 09:25:00,WS_export,19.009999999999998,0.0
1332,2016-08-01 09:30:00,house_5,28.309185068076307,2.20458
1333,2016-08-01 09:30:00,Battery_1,27.13,3.9
1334,2016-08-01 09:30:00,Battery_2,27.13,3.9
1335,2016-08-01 09:30:00,Battery_3,27.13,3.9
1336,2016-08-01 09:30:00,Battery_4,27.13,3.9
1337,2016-08-01 09:30:00,Battery_5,27.13,3.9
1338,2016-08-01 09:30:00,Battery_6,27.13,3.9
1339,2016-08-01 09:30:00,unresponsive_loads,10000.0,3.009
1340,2016-08-01 09:30:00,WS_export,19.34,0.0
1341,2016-08-01 09:35:00,house_2,28.60922832165084,2.20716
1342,2016-08-01 09:35:00,house_3,28.607950328859033,2.60778
1343,2016-08-01 09:35:00,house_4,28.609197330535316,2.20712
1344,2016-08-01 09:35:00,house_5,28.608969918577433,2.21204
1345,2016-08-01 09:35:00,Battery_1,27.13,3.9
1346,2016-08-01 09:35:00,Battery_2,27.13,3.9
1347,2016-08-01 09:35:00,Battery_3,27.13,3.9
1348,2016-08-01 09:35:00,Battery_4,27.13,3.9
1349,2016-08-01 09:35:00,Battery_5,27.13,3.9
1350,2016-08-01 09:35:00,Battery_6,27.13,3.9
1351,2016-08-01 09:35:00,unresponsive_loads,10000.0,2.964
1352,2016-08-01 09:35:00,WS_export,19.34,0.0
1353,2016-08-01 09:40:00,house_1,28.921137372186035,2.20956
1354,2016-08-01 09:40:00,house_2,28.92126732758511,2.21443
1355,2016-08-01 09:40:00,house_6,28.921323954534152,2.20963
1356,2016-08-01 09:40:00,Battery_1,27.13,3.9
1357,2016-08-01 09:40:00,Battery_2,27.13,3.9
1358,2016-08-01 09:40:00,Battery_3,27.13,3.9
1359,2016-08-01 09:40:00,Battery_4,27.13,3.9
1360,2016-08-01 09:40:00,Battery_5,27.13,3.9
1361,2016-08-01 09:40:00,Battery_6,27.13,3.9
1362,2016-08-01 09:40:00,unresponsive_loads,10000.0,2.9904
1363,2016-08-01 09:40:00,WS_export,19.34,0.0
1364,2016-08-01 09:45:00,house_1,29.245636746792492,2.21665
1365,2016-08-01 09:45:00,house_6,29.245854716702507,2.21666
1366,2016-08-01 09:45:00,Battery_1,27.13,3.9
1367,2016-08-01 09:45:00,Battery_2,27.13,3.9
1368,2016-08-01 09:45:00,Battery_3,27.13,3.9
1369,2016-08-01 09:45:00,Battery_4,27.13,3.9
1370,2016-08-01 09:45:00,Battery_5,27.13,3.9
1371,2016-08-01 09:45:00,Battery_6,27.13,3.9
1372,2016-08-01 09:45:00,unresponsive_loads,10000.0,2.8976
1373,2016-08-01 09:45:00,WS_export,19.83,0.0
1374,2016-08-01 09:50:00,house_3,29.582005221105657,2.61657
1375,2016-08-01 09:50:00,house_4,29.583318531712326,2.21444
1376,2016-08-01 09:50:00,house_5,29.583138661629306,2.21438
1377,2016-08-01 09:50:00,Battery_1,27.13,3.9
1378,2016-08-01 09:50:00,Battery_2,27.13,3.9
1379,2016-08-01 09:50:00,Battery_3,27.13,3.9
1380,2016-08-01 09:50:00,Battery_4,27.13,3.9
1381,2016-08-01 09:50:00,Battery_5,27.13,3.9
1382,2016-08-01 09:50:00,Battery_6,27.13,3.9
1383,2016-08-01 09:50:00,unresponsive_loads,10000.0,2.8017
1384,2016-08-01 09:50:00,WS_export,19.83,0.0
1385,2016-08-01 09:55:00,house_2,29.93406796391111,2.21665
1386,2016-08-01 09:55:00,house_4,29.93404190743773,2.22101
1387,2016-08-01 09:55:00,Battery_1,27.13,3.9
1388,2016-08-01 09:55:00,Battery_2,27.13,3.9
1389,2016-08-01 09:55:00,Battery_3,27.13,3.9
1390,2016-08-01 09:55:00,Battery_4,27.13,3.9
1391,2016-08-01 09:55:00,Battery_5,27.13,3.9
1392,2016-08-01 09:55:00,Battery_6,27.13,3.9
1393,2016-08-01 09:55:00,unresponsive_loads,10000.0,2.8603
1394,2016-08-01 09:55:00,WS_export,19.83,0.0
1395,2016-08-01 10:00:00,house_1,31.178365573445816,2.21879
1396,2016-08-01 10:00:00,Battery_1,27.13,3.9
1397,2016-08-01 10:00:00,Battery_2,27.13,3.9
1398,2016-08-01 10:00:00,Battery_3,27.13,3.9
1399,2016-08-01 10:00:00,Battery_4,27.13,3.9
1400,2016-08-01 10:00:00,Battery_5,27.13,3.9
1401,2016-08-01 10:00:00,Battery_6,27.13,3.9
1402,2016-08-01 10:00:00,unresponsive_loads,10000.0,2.8732
1403,2016-08-01 10:00:00,WS_export,20.4,0.0
1404,2016-08-01 10:05:00,house_3,31.51523700540443,2.62446
1405,2016-08-01 10:05:00,house_5,31.51647882762622,2.22095
1406,2016-08-01 10:05:00,house_6,31.516615227466964,2.21884
1407,2016-08-01 10:05:00,Battery_1,27.13,3.9
1408,2016-08-01 10:05:00,Battery_2,27.13,3.9
1409,2016-08-01 10:05:00,Battery_3,27.13,3.9
1410,2016-08-01 10:05:00,Battery_4,27.13,3.9
1411,2016-08-01 10:05:00,Battery_5,27.13,3.9
1412,2016-08-01 10:05:00,Battery_6,27.13,3.9
1413,2016-08-01 10:05:00,unresponsive_loads,10000.0,2.8608
1414,2016-08-01 10:05:00,WS_export,20.4,0.0
1415,2016-08-01 10:10:00,house_2,31.871214773741958,2.22304
1416,2016-08-01 10:10:00,house_4,31.871218135411546,2.22293
1417,2016-08-01 10:10:00,house_5,31.870965429844517,2.22634
1418,2016-08-01 10:10:00,house_6,31.871205465580953,2.22634
1419,2016-08-01 10:10:00,Battery_1,27.13,2.4708
1420,2016-08-01 10:10:00,Battery_2,27.13,2.4708
1421,2016-08-01 10:10:00,Battery_3,27.13,2.4708
1422,2016-08-01 10:10:00,Battery_4,27.13,2.4708
1423,2016-08-01 10:10:00,Battery_5,27.13,2.4708
1424,2016-08-01 10:10:00,Battery_6,27.13,2.4708
1425,2016-08-01 10:10:00,unresponsive_loads,10000.0,2.9
1426,2016-08-01 10:10:00,WS_export,20.4,0.0
1427,2016-08-01 10:15:00,house_1,32.24012143653245,2.22494
1428,2016-08-01 10:15:00,unresponsive_loads,10000.0,3.1072
1429,2016-08-01 10:15:00,WS_export,21.419999999999998,0.0
1430,2016-08-01 10:20:00,house_1,32.62208509681029,2.22907
1431,2016-08-01 10:20:00,house_3,32.62102935042682,2.63086
1432,2016-08-01 10:20:00,unresponsive_loads,10000.0,2.0889
1433,2016-08-01 10:20:00,WS_export,21.419999999999998,0.0
1434,2016-08-01 10:25:00,house_2,33.01639179259137,2.22771
1435,2016-08-01 10:25:00,house_4,33.01643212848009,2.22765
1436,2016-08-01 10:25:00,house_5,33.016232504945464,2.22761
1437,2016-08-01 10:25:00,unresponsive_loads,10000.0,3.0791
1438,2016-08-01 10:25:00,WS_export,21.419999999999998,0.0
1439,2016-08-01 10:30:00,house_6,33.4218251573892,2.22761
1440,2016-08-01 10:30:00,unresponsive_loads,10000.0,3.084
1441,2016-08-01 10:30:00,WS_export,23.86,0.0
1442,2016-08-01 10:35:00,house_1,33.83787942694466,2.2305
1443,2016-08-01 10:35:00,house_3,33.83678199072989,2.63592
1444,2016-08-01 10:35:00,house_6,33.83815911474427,2.2334
1445,2016-08-01 10:35:00,unresponsive_loads,10000.0,2.0736
1446,2016-08-01 10:35:00,WS_export,23.86,0.0
1447,2016-08-01 10:40:00,house_2,34.26561665730337,2.23194
1448,2016-08-01 10:40:00,house_4,34.265669842382806,2.23194
1449,2016-08-01 10:40:00,house_5,34.265495628916625,2.232
1450,2016-08-01 10:40:00,unresponsive_loads,10000.0,3.1334
1451,2016-08-01 10:40:00,WS_export,23.86,0.0
1452,2016-08-01 10:45:00,house_4,34.70413888991892,2.23638
1453,2016-08-01 10:45:00,unresponsive_loads,10000.0,4.7812
1454,2016-08-01 10:45:00,WS_export,22.689999999999998,0.0
1455,2016-08-01 10:50:00,house_1,35.154290785633485,2.23493
1456,2016-08-01 10:50:00,house_3,35.15309173100046,2.64116
1457,2016-08-01 10:50:00,unresponsive_loads,10000.0,4.0077
1458,2016-08-01 10:50:00,WS_export,22.689999999999998,0.0
1459,2016-08-01 10:55:00,house_2,35.617368991690086,2.23638
1460,2016-08-01 10:55:00,house_5,35.61725844617551,2.23639
1461,2016-08-01 10:55:00,house_6,35.61741683632945,2.23488
1462,2016-08-01 10:55:00,unresponsive_loads,10000.0,3.9424
1463,2016-08-01 10:55:00,WS_export,22.689999999999998,0.0
1464,2016-08-01 11:00:00,house_4,36.57990757333509,2.23792
1465,2016-08-01 11:00:00,house_5,36.57961713350219,2.24108
1466,2016-08-01 11:00:00,house_6,36.579899032799524,2.24108
1467,2016-08-01 11:00:00,unresponsive_loads,10000.0,3.1684
1468,2016-08-01 11:00:00,WS_export,21.799999999999997,0.0
1469,2016-08-01 11:05:00,house_1,36.922397105313095,2.23949
1470,2016-08-01 11:05:00,house_3,36.9211090037244,2.64659
1471,2016-08-01 11:05:00,unresponsive_loads,10000.0,3.1771
1472,2016-08-01 11:05:00,WS_export,21.799999999999997,0.0
1473,2016-08-01 11:10:00,house_1,37.272099109297564,2.24456
1474,2016-08-01 11:10:00,house_2,37.2724639896604,2.24101
1475,2016-08-01 11:10:00,unresponsive_loads,10000.0,3.1737
1476,2016-08-01 11:10:00,WS_export,21.799999999999997,0.0
1477,2016-08-01 11:15:00,house_4,37.62883218193957,2.24268
1478,2016-08-01 11:15:00,house_5,37.62860750583233,2.24257
1479,2016-08-01 11:15:00,unresponsive_loads,10000.0,2.9903
1480,2016-08-01 11:15:00,WS_export,22.75,0.0
1481,2016-08-01 11:20:00,house_3,37.9898010307782,2.65265
1482,2016-08-01 11:20:00,house_6,37.9914342923104,2.24257
1483,2016-08-01 11:20:00,unresponsive_loads,10000.0,2.9949
1484,2016-08-01 11:20:00,WS_export,22.75,0.0
1485,2016-08-01 11:25:00,house_1,38.35957932955624,2.24636
1486,2016-08-01 11:25:00,house_2,38.35995535355136,2.24636
1487,2016-08-01 11:25:00,house_6,38.35988396314452,2.25
1488,2016-08-01 11:25:00,unresponsive_loads,10000.0,2.8029
1489,2016-08-01 11:25:00,WS_export,22.75,0.0
1490,2016-08-01 11:30:00,house_4,38.73440297112749,2.24826
1491,2016-08-01 11:30:00,house_5,38.73421062483448,2.24824
1492,2016-08-01 11:30:00,unresponsive_loads,10000.0,2.809
1493,2016-08-01 11:30:00,WS_export,23.08,0.0
1494,2016-08-01 11:35:00,house_3,39.11305038200053,2.65924
1495,2016-08-01 11:35:00,unresponsive_loads,10000.0,2.8065
1496,2016-08-01 11:35:00,WS_export,23.08,0.0
1497,2016-08-01 11:40:00,house_1,39.5006442231822,2.25183
1498,2016-08-01 11:40:00,house_2,39.50097289646883,2.25183
1499,2016-08-01 11:40:00,unresponsive_loads,10000.0,1.8153
1500,2016-08-01 11:40:00,WS_export,23.08,0.0
1501,2016-08-01 11:45:00,house_2,39.89326149738327,2.257
1502,2016-08-01 11:45:00,house_4,39.89347215514219,2.25359
1503,2016-08-01 11:45:00,house_5,39.89328105404359,2.25352
1504,2016-08-01 11:45:00,house_6,39.89345857241414,2.25178
1505,2016-08-01 11:45:00,unresponsive_loads,10000.0,6.3708
1506,2016-08-01 11:45:00,WS_export,24.81,0.0
1507,2016-08-01 11:50:00,house_3,40.29077235853359,2.66554
1508,2016-08-01 11:50:00,house_4,40.29228822836306,2.25863
1509,2016-08-01 11:50:00,house_5,40.29204537489764,2.25868
1510,2016-08-01 11:50:00,house_6,40.292356565347006,2.25868
1511,2016-08-01 11:50:00,unresponsive_loads,10000.0,2.813
1512,2016-08-01 11:50:00,WS_export,24.81,0.0
1513,2016-08-01 11:55:00,house_1,40.69820741048929,2.257
1514,2016-08-01 11:55:00,unresponsive_loads,10000.0,2.8047
1515,2016-08-01 11:55:00,WS_export,24.81,0.0
1516,2016-08-01 12:00:00,house_1,41.735101287396226,2.26195
1517,2016-08-01 12:00:00,house_2,41.73538145967056,2.25856
1518,2016-08-01 12:00:00,unresponsive_loads,10000.0,0.7859
1519,2016-08-01 12:00:00,WS_export,24.459999999999997,0.0
1520,2016-08-01 12:05:00,house_3,42.3068669080001,2.67157
1521,2016-08-01 12:05:00,house_4,42.308531399842856,2.26027
1522,2016-08-01 12:05:00,house_5,42.308327249910654,2.26022
1523,2016-08-01 12:05:00,house_6,42.3084490110521,2.26022
1524,2016-08-01 12:05:00,unresponsive_loads,10000.0,0.8176
1525,2016-08-01 12:05:00,WS_export,24.459999999999997,0.0
1526,2016-08-01 12:10:00,unresponsive_loads,10000.0,2.8281
1527,2016-08-01 12:10:00,WS_export,24.459999999999997,0.0
1528,2016-08-01 12:15:00,house_1,43.49984403321577,2.26348
1529,2016-08-01 12:15:00,house_2,43.50017447704696,2.26348
1530,2016-08-01 12:15:00,unresponsive_loads,10000.0,-1.4326
1531,2016-08-01 12:15:00,WS_export,25.939999999999998,0.0
1532,2016-08-01 12:20:00,house_1,44.11224475685303,2.27009
1533,2016-08-01 12:20:00,house_3,44.11098894236893,2.67833
1534,2016-08-01 12:20:00,house_4,44.11275372243957,2.26591
1535,2016-08-01 12:20:00,house_5,44.11255186387653,2.26589
1536,2016-08-01 12:20:00,house_6,44.11266800351502,2.26589
1537,2016-08-01 12:20:00,unresponsive_loads,10000.0,-1.4565
1538,2016-08-01 12:20:00,WS_export,25.939999999999998,0.0
1539,2016-08-01 12:25:00,house_3,44.731880222137455,2.68559
1540,2016-08-01 12:25:00,house_4,44.73396111842212,2.27196
1541,2016-08-01 12:25:00,house_5,44.733701167573805,2.27194
1542,2016-08-01 12:25:00,house_6,44.73401904704317,2.27194
1543,2016-08-01 12:25:00,unresponsive_loads,10000.0,3.0251
1544,2016-08-01 12:25:00,WS_export,25.939999999999998,0.0
1545,2016-08-01 12:30:00,house_2,45.363506752964234,2.27009
1546,2016-08-01 12:30:00,Battery_1,27.13,1.0062
1547,2016-08-01 12:30:00,Battery_2,27.13,1.0062
1548,2016-08-01 12:30:00,Battery_3,27.13,1.0062
1549,2016-08-01 12:30:00,Battery_4,27.13,1.0062
1550,2016-08-01 12:30:00,Battery_5,27.13,1.0062
1551,2016-08-01 12:30:00,Battery_6,27.13,1.0062
1552,2016-08-01 12:30:00,unresponsive_loads,10000.0,3.009
1553,2016-08-01 12:30:00,WS_export,26.95,0.0
1554,2016-08-01 12:35:00,house_1,45.99984756520528,2.27183
1555,2016-08-01 12:35:00,house_2,46.00006497881234,2.2752
1556,2016-08-01 12:35:00,Battery_1,27.13,3.9
1557,2016-08-01 12:35:00,Battery_2,27.13,3.9
1558,2016-08-01 12:35:00,Battery_3,27.13,3.9
1559,2016-08-01 12:35:00,Battery_4,27.13,3.9
1560,2016-08-01 12:35:00,Battery_5,27.13,3.9
1561,2016-08-01 12:35:00,Battery_6,27.13,3.9
1562,2016-08-01 12:35:00,unresponsive_loads,10000.0,3.0117
1563,2016-08-01 12:35:00,WS_export,26.95,0.0
1564,2016-08-01 12:40:00,house_1,46.6434786533421,2.27648
1565,2016-08-01 12:40:00,house_3,46.64195902464387,2.68752
1566,2016-08-01 12:40:00,house_4,46.64396860521893,2.27357
1567,2016-08-01 12:40:00,house_5,46.643754547440466,2.27358
1568,2016-08-01 12:40:00,house_6,46.64388271698101,2.27358
1569,2016-08-01 12:40:00,Battery_1,27.13,3.9
1570,2016-08-01 12:40:00,Battery_2,27.13,3.9
1571,2016-08-01 12:40:00,Battery_3,27.13,3.9
1572,2016-08-01 12:40:00,Battery_4,27.13,3.9
1573,2016-08-01 12:40:00,Battery_5,27.13,3.9
1574,2016-08-01 12:40:00,Battery_6,27.13,3.9
1575,2016-08-01 12:40:00,unresponsive_loads,10000.0,2.8352
1576,2016-08-01 12:40:00,WS_export,26.95,0.0
1577,2016-08-01 12:45:00,house_4,47.29423836915651,2.27772
1578,2016-08-01 12:45:00,house_5,47.293963929006374,2.2777
1579,2016-08-01 12:45:00,house_6,47.29430389961453,2.2777
1580,2016-08-01 12:45:00,Battery_1,27.13,3.9
1581,2016-08-01 12:45:00,Battery_2,27.13,3.9
1582,2016-08-01 12:45:00,Battery_3,27.13,3.9
1583,2016-08-01 12:45:00,Battery_4,27.13,3.9
1584,2016-08-01 12:45:00,Battery_5,27.13,3.9
1585,2016-08-01 12:45:00,Battery_6,27.13,3.9
1586,2016-08-01 12:45:00,unresponsive_loads,10000.0,2.8506
1587,2016-08-01 12:45:00,WS_export,27.88,0.0
1588,2016-08-01 12:50:00,house_2,47.95144619712733,2.27648
1589,2016-08-01 12:50:00,Battery_1,27.13,3.9
1590,2016-08-01 12:50:00,Battery_2,27.13,3.9
1591,2016-08-01 12:50:00,Battery_3,27.13,3.9
1592,2016-08-01 12:50:00,Battery_4,27.13,3.9
1593,2016-08-01 12:50:00,Battery_5,27.13,3.9
1594,2016-08-01 12:50:00,Battery_6,27.13,3.9
1595,2016-08-01 12:50:00,unresponsive_loads,10000.0,2.8397
1596,2016-08-01 12:50:00,WS_export,27.88,0.0
1597,2016-08-01 12:55:00,house_1,48.61495159710268,2.2776
1598,2016-08-01 12:55:00,house_3,48.613462948935506,2.6925
1599,2016-08-01 12:55:00,Battery_1,27.13,3.9
1600,2016-08-01 12:55:00,Battery_2,27.13,3.9
1601,2016-08-01 12:55:00,Battery_3,27.13,3.9
1602,2016-08-01 12:55:00,Battery_4,27.13,3.9
1603,2016-08-01 12:55:00,Battery_5,27.13,3.9
1604,2016-08-01 12:55:00,Battery_6,27.13,3.9
1605,2016-08-01 12:55:00,unresponsive_loads,10000.0,3.3874
1606,2016-08-01 12:55:00,WS_export,27.88,0.0
1607,2016-08-01 13:00:00,house_1,49.768063288425644,2.28018
1608,2016-08-01 13:00:00,house_4,49.768577926359214,2.2786
1609,2016-08-01 13:00:00,house_5,49.76834905684417,2.27861
1610,2016-08-01 13:00:00,house_6,49.76848935845577,2.27861
1611,2016-08-01 13:00:00,Battery_1,27.13,3.9
1612,2016-08-01 13:00:00,Battery_2,27.13,3.9
1613,2016-08-01 13:00:00,Battery_3,27.13,3.9
1614,2016-08-01 13:00:00,Battery_4,27.13,3.9
1615,2016-08-01 13:00:00,Battery_5,27.13,3.9
1616,2016-08-01 13:00:00,Battery_6,27.13,3.9
1617,2016-08-01 13:00:00,unresponsive_loads,10000.0,3.3575
1618,2016-08-01 13:00:00,WS_export,29.74,0.0
1619,2016-08-01 13:05:00,house_2,50.273016226036894,2.27956
1620,2016-08-01 13:05:00,house_4,50.27279710255142,2.28067
1621,2016-08-01 13:05:00,house_5,50.27250421238992,2.28074
1622,2016-08-01 13:05:00,house_6,50.27286991607064,2.28074
1623,2016-08-01 13:05:00,Battery_1,27.13,3.9
1624,2016-08-01 13:05:00,Battery_2,27.13,3.9
1625,2016-08-01 13:05:00,Battery_3,27.13,3.9
1626,2016-08-01 13:05:00,Battery_4,27.13,3.9
1627,2016-08-01 13:05:00,Battery_5,27.13,3.9
1628,2016-08-01 13:05:00,Battery_6,27.13,3.9
1629,2016-08-01 13:05:00,unresponsive_loads,10000.0,3.0632
1630,2016-08-01 13:05:00,WS_export,29.74,0.0
1631,2016-08-01 13:10:00,house_2,50.77945620172506,2.28
1632,2016-08-01 13:10:00,house_3,50.77773888888934,2.69551
1633,2016-08-01 13:10:00,Battery_1,27.13,3.9
1634,2016-08-01 13:10:00,Battery_2,27.13,3.9
1635,2016-08-01 13:10:00,Battery_3,27.13,3.9
1636,2016-08-01 13:10:00,Battery_4,27.13,3.9
1637,2016-08-01 13:10:00,Battery_5,27.13,3.9
1638,2016-08-01 13:10:00,Battery_6,27.13,3.9
1639,2016-08-01 13:10:00,unresponsive_loads,10000.0,2.9999
1640,2016-08-01 13:10:00,WS_export,29.74,0.0
1641,2016-08-01 13:15:00,house_1,51.28801734045632,2.28068
1642,2016-08-01 13:15:00,house_3,51.28597063669791,2.69442
1643,2016-08-01 13:15:00,Battery_1,27.13,3.9
1644,2016-08-01 13:15:00,Battery_2,27.13,3.9
1645,2016-08-01 13:15:00,Battery_3,27.13,3.9
1646,2016-08-01 13:15:00,Battery_4,27.13,3.9
1647,2016-08-01 13:15:00,Battery_5,27.13,3.9
1648,2016-08-01 13:15:00,Battery_6,27.13,3.9
1649,2016-08-01 13:15:00,unresponsive_loads,10000.0,3.0021
1650,2016-08-01 13:15:00,WS_export,30.959999999999997,0.0
1651,2016-08-01 13:20:00,house_4,51.79939633923406,2.27999
1652,2016-08-01 13:20:00,house_5,51.79915199420981,2.27993
1653,2016-08-01 13:20:00,house_6,51.799306485404635,2.27993
1654,2016-08-01 13:20:00,Battery_1,27.13,3.9
1655,2016-08-01 13:20:00,Battery_2,27.13,3.9
1656,2016-08-01 13:20:00,Battery_3,27.13,3.9
1657,2016-08-01 13:20:00,Battery_4,27.13,3.9
1658,2016-08-01 13:20:00,Battery_5,27.13,3.9
1659,2016-08-01 13:20:00,Battery_6,27.13,3.9
1660,2016-08-01 13:20:00,unresponsive_loads,10000.0,3.0034
1661,2016-08-01 13:20:00,WS_export,30.959999999999997,0.0
1662,2016-08-01 13:25:00,house_2,52.31236588611358,2.27932
1663,2016-08-01 13:25:00,Battery_1,27.13,3.9
1664,2016-08-01 13:25:00,Battery_2,27.13,3.9
1665,2016-08-01 13:25:00,Battery_3,27.13,3.9
1666,2016-08-01 13:25:00,Battery_4,27.13,3.9
1667,2016-08-01 13:25:00,Battery_5,27.13,3.9
1668,2016-08-01 13:25:00,Battery_6,27.13,3.9
1669,2016-08-01 13:25:00,unresponsive_loads,10000.0,2.9844
1670,2016-08-01 13:25:00,WS_export,30.959999999999997,0.0
1671,2016-08-01 13:30:00,house_1,52.827273886831925,2.27866
1672,2016-08-01 13:30:00,house_3,52.82537506572792,2.69362
1673,2016-08-01 13:30:00,Battery_1,27.13,3.9
1674,2016-08-01 13:30:00,Battery_2,27.13,3.9
1675,2016-08-01 13:30:00,Battery_3,27.13,3.9
1676,2016-08-01 13:30:00,Battery_4,27.13,3.9
1677,2016-08-01 13:30:00,Battery_5,27.13,3.9
1678,2016-08-01 13:30:00,Battery_6,27.13,3.9
1679,2016-08-01 13:30:00,unresponsive_loads,10000.0,3.009
1680,2016-08-01 13:30:00,WS_export,31.11,0.0
1681,2016-08-01 13:35:00,house_1,53.344441229908306,2.27685
1682,2016-08-01 13:35:00,house_4,53.345011030467916,2.27802
1683,2016-08-01 13:35:00,house_5,53.34476413464578,2.27809
1684,2016-08-01 13:35:00,house_6,53.344917895038854,2.27809
1685,2016-08-01 13:35:00,Battery_1,27.13,3.9
1686,2016-08-01 13:35:00,Battery_2,27.13,3.9
1687,2016-08-01 13:35:00,Battery_3,27.13,3.9
1688,2016-08-01 13:35:00,Battery_4,27.13,3.9
1689,2016-08-01 13:35:00,Battery_5,27.13,3.9
1690,2016-08-01 13:35:00,Battery_6,27.13,3.9
1691,2016-08-01 13:35:00,unresponsive_loads,10000.0,2.9905
1692,2016-08-01 13:35:00,WS_export,31.11,0.0
1693,2016-08-01 13:40:00,house_2,53.86442953710046,2.27749
1694,2016-08-01 13:40:00,house_4,53.86427641517914,2.27628
1695,2016-08-01 13:40:00,house_5,53.86395783187976,2.27634
1696,2016-08-01 13:40:00,house_6,53.864356661262796,2.27634
1697,2016-08-01 13:40:00,Battery_1,27.13,3.9
1698,2016-08-01 13:40:00,Battery_2,27.13,3.9
1699,2016-08-01 13:40:00,Battery_3,27.13,3.9
1700,2016-08-01 13:40:00,Battery_4,27.13,3.9
1701,2016-08-01 13:40:00,Battery_5,27.13,3.9
1702,2016-08-01 13:40:00,Battery_6,27.13,3.9
1703,2016-08-01 13:40:00,unresponsive_loads,10000.0,3.1711
1704,2016-08-01 13:40:00,WS_export,31.11,0.0
1705,2016-08-01 13:45:00,house_3,54.384099206516616,2.69152
1706,2016-08-01 13:45:00,Battery_1,27.13,3.9
1707,2016-08-01 13:45:00,Battery_2,27.13,3.9
1708,2016-08-01 13:45:00,Battery_3,27.13,3.9
1709,2016-08-01 13:45:00,Battery_4,27.13,3.9
1710,2016-08-01 13:45:00,Battery_5,27.13,3.9
1711,2016-08-01 13:45:00,Battery_6,27.13,3.9
1712,2016-08-01 13:45:00,unresponsive_loads,10000.0,3.1755
1713,2016-08-01 13:45:00,WS_export,31.389999999999997,0.0
1714,2016-08-01 13:50:00,house_1,54.910062832410865,2.27629
1715,2016-08-01 13:50:00,Battery_1,27.13,3.9
1716,2016-08-01 13:50:00,Battery_2,27.13,3.9
1717,2016-08-01 13:50:00,Battery_3,27.13,3.9
1718,2016-08-01 13:50:00,Battery_4,27.13,3.9
1719,2016-08-01 13:50:00,Battery_5,27.13,3.9
1720,2016-08-01 13:50:00,Battery_6,27.13,3.9
1721,2016-08-01 13:50:00,unresponsive_loads,10000.0,3.1794
1722,2016-08-01 13:50:00,WS_export,31.389999999999997,0.0
1723,2016-08-01 13:55:00,house_1,55.43685246149029,2.27481
1724,2016-08-01 13:55:00,house_2,55.43745341630008,2.27576
1725,2016-08-01 13:55:00,house_4,55.437411992287586,2.27575
1726,2016-08-01 13:55:00,house_5,55.43714519620219,2.2757
1727,2016-08-01 13:55:00,house_6,55.43731917406444,2.2757
1728,2016-08-01 13:55:00,Battery_1,27.13,3.9
1729,2016-08-01 13:55:00,Battery_2,27.13,3.9
1730,2016-08-01 13:55:00,Battery_3,27.13,3.9
1731,2016-08-01 13:55:00,Battery_4,27.13,3.9
1732,2016-08-01 13:55:00,Battery_5,27.13,3.9
1733,2016-08-01 13:55:00,Battery_6,27.13,3.9
1734,2016-08-01 13:55:00,unresponsive_loads,10000.0,3.1817
1735,2016-08-01 13:55:00,WS_export,31.389999999999997,0.0
1736,2016-08-01 14:00:00,house_2,55.66405256949166,2.27429
1737,2016-08-01 14:00:00,house_3,55.66211113161309,2.68953
1738,2016-08-01 14:00:00,house_4,55.66403099649681,2.27435
1739,2016-08-01 14:00:00,house_6,55.66411682762584,2.27434
1740,2016-08-01 14:00:00,Battery_1,27.13,3.9
1741,2016-08-01 14:00:00,Battery_2,27.13,3.9
1742,2016-08-01 14:00:00,Battery_3,27.13,3.9
1743,2016-08-01 14:00:00,Battery_4,27.13,3.9
1744,2016-08-01 14:00:00,Battery_5,27.13,3.9
1745,2016-08-01 14:00:00,Battery_6,27.13,3.9
1746,2016-08-01 14:00:00,unresponsive_loads,10000.0,3.1774
1747,2016-08-01 14:00:00,WS_export,33.39,0.0
1748,2016-08-01 14:05:00,house_3,55.521472108727856,2.68787
1749,2016-08-01 14:05:00,Battery_1,27.13,3.9
1750,2016-08-01 14:05:00,Battery_2,27.13,3.9
1751,2016-08-01 14:05:00,Battery_3,27.13,3.9
1752,2016-08-01 14:05:00,Battery_4,27.13,3.9
1753,2016-08-01 14:05:00,Battery_5,27.13,3.9
1754,2016-08-01 14:05:00,Battery_6,27.13,3.9
1755,2016-08-01 14:05:00,unresponsive_loads,10000.0,2.9927
1756,2016-08-01 14:05:00,WS_export,33.39,0.0
1757,2016-08-01 14:10:00,house_1,55.38393063279044,2.27429
1758,2016-08-01 14:10:00,house_5,55.38427512811001,2.27434
1759,2016-08-01 14:10:00,Battery_1,27.13,3.9
1760,2016-08-01 14:10:00,Battery_2,27.13,3.9
1761,2016-08-01 14:10:00,Battery_3,27.13,3.9
1762,2016-08-01 14:10:00,Battery_4,27.13,3.9
1763,2016-08-01 14:10:00,Battery_5,27.13,3.9
1764,2016-08-01 14:10:00,Battery_6,27.13,3.9
1765,2016-08-01 14:10:00,unresponsive_loads,10000.0,3.0095
1766,2016-08-01 14:10:00,WS_export,33.39,0.0
1767,2016-08-01 14:15:00,house_2,55.24472855917963,2.2738
1768,2016-08-01 14:15:00,house_4,55.24479047851487,2.27386
1769,2016-08-01 14:15:00,house_5,55.24435692498683,2.27357
1770,2016-08-01 14:15:00,house_6,55.24470044508155,2.2738
1771,2016-08-01 14:15:00,Battery_1,27.13,3.9
1772,2016-08-01 14:15:00,Battery_2,27.13,3.9
1773,2016-08-01 14:15:00,Battery_3,27.13,3.9
1774,2016-08-01 14:15:00,Battery_4,27.13,3.9
1775,2016-08-01 14:15:00,Battery_5,27.13,3.9
1776,2016-08-01 14:15:00,Battery_6,27.13,3.9
1777,2016-08-01 14:15:00,unresponsive_loads,10000.0,2.8255
1778,2016-08-01 14:15:00,WS_export,34.120000000000005,0.0
1779,2016-08-01 14:20:00,house_3,55.10303239963183,2.6876
1780,2016-08-01 14:20:00,Battery_1,27.13,3.9
1781,2016-08-01 14:20:00,Battery_2,27.13,3.9
1782,2016-08-01 14:20:00,Battery_3,27.13,3.9
1783,2016-08-01 14:20:00,Battery_4,27.13,3.9
1784,2016-08-01 14:20:00,Battery_5,27.13,3.9
1785,2016-08-01 14:20:00,Battery_6,27.13,3.9
1786,2016-08-01 14:20:00,unresponsive_loads,10000.0,2.8594
1787,2016-08-01 14:20:00,WS_export,34.120000000000005,0.0
1788,2016-08-01 14:25:00,house_1,54.965829405717415,2.27357
1789,2016-08-01 14:25:00,Battery_1,27.13,3.9
1790,2016-08-01 14:25:00,Battery_2,27.13,3.9
1791,2016-08-01 14:25:00,Battery_3,27.13,3.9
1792,2016-08-01 14:25:00,Battery_4,27.13,3.9
1793,2016-08-01 14:25:00,Battery_5,27.13,3.9
1794,2016-08-01 14:25:00,Battery_6,27.13,3.9
1795,2016-08-01 14:25:00,unresponsive_loads,10000.0,2.9684
1796,2016-08-01 14:25:00,WS_export,34.120000000000005,0.0
1797,2016-08-01 14:30:00,house_1,54.82663359274016,2.27289
1798,2016-08-01 14:30:00,house_2,54.82713083213947,2.27332
1799,2016-08-01 14:30:00,house_4,54.82720513320257,2.27337
1800,2016-08-01 14:30:00,house_5,54.82688893041158,2.27331
1801,2016-08-01 14:30:00,house_6,54.827114966798916,2.27331
1802,2016-08-01 14:30:00,Battery_1,27.13,3.9
1803,2016-08-01 14:30:00,Battery_2,27.13,3.9
1804,2016-08-01 14:30:00,Battery_3,27.13,3.9
1805,2016-08-01 14:30:00,Battery_4,27.13,3.9
1806,2016-08-01 14:30:00,Battery_5,27.13,3.9
1807,2016-08-01 14:30:00,Battery_6,27.13,3.9
1808,2016-08-01 14:30:00,unresponsive_loads,10000.0,2.967
1809,2016-08-01 14:30:00,WS_export,37.79,0.0
1810,2016-08-01 14:35:00,house_2,54.687987255647265,2.27256
1811,2016-08-01 14:35:00,house_3,54.6860218465884,2.68695
1812,2016-08-01 14:35:00,house_4,54.688047964486515,2.27262
1813,2016-08-01 14:35:00,house_5,54.687696288003174,2.27261
1814,2016-08-01 14:35:00,house_6,54.68813459767902,2.27261
1815,2016-08-01 14:35:00,Battery_1,27.13,3.9
1816,2016-08-01 14:35:00,Battery_2,27.13,3.9
1817,2016-08-01 14:35:00,Battery_3,27.13,3.9
1818,2016-08-01 14:35:00,Battery_4,27.13,3.9
1819,2016-08-01 14:35:00,Battery_5,27.13,3.9
1820,2016-08-01 14:35:00,Battery_6,27.13,3.9
1821,2016-08-01 14:35:00,unresponsive_loads,10000.0,2.962
1822,2016-08-01 14:35:00,WS_export,37.79,0.0
1823,2016-08-01 14:40:00,Battery_1,27.13,3.9
1824,2016-08-01 14:40:00,Battery_2,27.13,3.9
1825,2016-08-01 14:40:00,Battery_3,27.13,3.9
1826,2016-08-01 14:40:00,Battery_4,27.13,3.9
1827,2016-08-01 14:40:00,Battery_5,27.13,3.9
1828,2016-08-01 14:40:00,Battery_6,27.13,3.9
1829,2016-08-01 14:40:00,unresponsive_loads,10000.0,2.9617
1830,2016-08-01 14:40:00,WS_export,37.79,0.0
1831,2016-08-01 14:45:00,house_1,54.410389395873345,2.27256
1832,2016-08-01 14:45:00,Battery_1,27.13,3.9
1833,2016-08-01 14:45:00,Battery_2,27.13,3.9
1834,2016-08-01 14:45:00,Battery_3,27.13,3.9
1835,2016-08-01 14:45:00,Battery_4,27.13,3.9
1836,2016-08-01 14:45:00,Battery_5,27.13,3.9
1837,2016-08-01 14:45:00,Battery_6,27.13,3.9
1838,2016-08-01 14:45:00,unresponsive_loads,10000.0,2.9641
1839,2016-08-01 14:45:00,WS_export,36.09,0.0
1840,2016-08-01 14:50:00,house_1,54.27179731828839,2.27165
1841,2016-08-01 14:50:00,house_2,54.27220539074612,2.27222
1842,2016-08-01 14:50:00,house_3,54.27022984924578,2.68597
1843,2016-08-01 14:50:00,house_4,54.27233002706572,2.27228
1844,2016-08-01 14:50:00,house_5,54.27205716982758,2.27222
1845,2016-08-01 14:50:00,house_6,54.27224418335677,2.27222
1846,2016-08-01 14:50:00,Battery_1,27.13,3.9
1847,2016-08-01 14:50:00,Battery_2,27.13,3.9
1848,2016-08-01 14:50:00,Battery_3,27.13,3.9
1849,2016-08-01 14:50:00,Battery_4,27.13,3.9
1850,2016-08-01 14:50:00,Battery_5,27.13,3.9
1851,2016-08-01 14:50:00,Battery_6,27.13,3.9
1852,2016-08-01 14:50:00,unresponsive_loads,10000.0,2.9617
1853,2016-08-01 14:50:00,WS_export,36.09,0.0
1854,2016-08-01 14:55:00,house_3,54.13126429461682,2.68479
1855,2016-08-01 14:55:00,house_4,54.13374384459149,2.27129
1856,2016-08-01 14:55:00,house_5,54.13340518934957,2.27128
1857,2016-08-01 14:55:00,house_6,54.13383198556754,2.27128
1858,2016-08-01 14:55:00,Battery_1,27.13,3.9
1859,2016-08-01 14:55:00,Battery_2,27.13,3.9
1860,2016-08-01 14:55:00,Battery_3,27.13,3.9
1861,2016-08-01 14:55:00,Battery_4,27.13,3.9
1862,2016-08-01 14:55:00,Battery_5,27.13,3.9
1863,2016-08-01 14:55:00,Battery_6,27.13,3.9
1864,2016-08-01 14:55:00,unresponsive_loads,10000.0,2.9896
1865,2016-08-01 14:55:00,WS_export,36.09,0.0
1866,2016-08-01 15:00:00,Battery_1,27.13,3.9
1867,2016-08-01 15:00:00,Battery_2,27.13,3.9
1868,2016-08-01 15:00:00,Battery_3,27.13,3.9
1869,2016-08-01 15:00:00,Battery_4,27.13,3.9
1870,2016-08-01 15:00:00,Battery_5,27.13,3.9
1871,2016-08-01 15:00:00,Battery_6,27.13,3.9
1872,2016-08-01 15:00:00,unresponsive_loads,10000.0,2.9756
1873,2016-08-01 15:00:00,WS_export,33.300000000000004,0.0
1874,2016-08-01 15:05:00,house_1,53.171370145998495,2.27123
1875,2016-08-01 15:05:00,house_2,53.17180539921776,2.27123
1876,2016-08-01 15:05:00,Battery_1,27.13,3.9
1877,2016-08-01 15:05:00,Battery_2,27.13,3.9
1878,2016-08-01 15:05:00,Battery_3,27.13,3.9
1879,2016-08-01 15:05:00,Battery_4,27.13,3.9
1880,2016-08-01 15:05:00,Battery_5,27.13,3.9
1881,2016-08-01 15:05:00,Battery_6,27.13,3.9
1882,2016-08-01 15:05:00,unresponsive_loads,10000.0,3.2567
1883,2016-08-01 15:05:00,WS_export,33.300000000000004,0.0
1884,2016-08-01 15:10:00,house_1,52.463517854551576,2.27042
1885,2016-08-01 15:10:00,house_2,52.463816474469894,2.27042
1886,2016-08-01 15:10:00,house_3,52.461787964987025,2.68418
1887,2016-08-01 15:10:00,house_4,52.46402944195559,2.27079
1888,2016-08-01 15:10:00,house_5,52.46376155175943,2.27079
1889,2016-08-01 15:10:00,house_6,52.46394819082365,2.27079
1890,2016-08-01 15:10:00,Battery_1,27.13,3.9
1891,2016-08-01 15:10:00,Battery_2,27.13,3.9
1892,2016-08-01 15:10:00,Battery_3,27.13,3.9
1893,2016-08-01 15:10:00,Battery_4,27.13,3.9
1894,2016-08-01 15:10:00,Battery_5,27.13,3.9
1895,2016-08-01 15:10:00,Battery_6,27.13,3.9
1896,2016-08-01 15:10:00,unresponsive_loads,10000.0,3.1908
1897,2016-08-01 15:10:00,WS_export,33.300000000000004,0.0
1898,2016-08-01 15:15:00,house_4,51.75709573419446,2.27029
1899,2016-08-01 15:15:00,house_6,51.757181587072374,2.27028
1900,2016-08-01 15:15:00,Battery_1,27.13,3.9
1901,2016-08-01 15:15:00,Battery_2,27.13,3.9
1902,2016-08-01 15:15:00,Battery_3,27.13,3.9
1903,2016-08-01 15:15:00,Battery_4,27.13,3.9
1904,2016-08-01 15:15:00,Battery_5,27.13,3.9
1905,2016-08-01 15:15:00,Battery_6,27.13,3.9
1906,2016-08-01 15:15:00,unresponsive_loads,10000.0,3.1755
1907,2016-08-01 15:15:00,WS_export,34.11,0.0
1908,2016-08-01 15:20:00,Battery_1,27.13,3.9
1909,2016-08-01 15:20:00,Battery_2,27.13,3.9
1910,2016-08-01 15:20:00,Battery_3,27.13,3.9
1911,2016-08-01 15:20:00,Battery_4,27.13,3.9
1912,2016-08-01 15:20:00,Battery_5,27.13,3.9
1913,2016-08-01 15:20:00,Battery_6,27.13,3.9
1914,2016-08-01 15:20:00,unresponsive_loads,10000.0,4.2146
1915,2016-08-01 15:20:00,WS_export,34.11,0.0
1916,2016-08-01 15:25:00,house_1,50.346178669493746,2.27017
1917,2016-08-01 15:25:00,house_2,50.3464977232117,2.27017
1918,2016-08-01 15:25:00,house_3,50.3446214273442,2.68359
1919,2016-08-01 15:25:00,house_5,50.346461985287995,2.27028
1920,2016-08-01 15:25:00,Battery_1,27.13,3.9
1921,2016-08-01 15:25:00,Battery_2,27.13,3.9
1922,2016-08-01 15:25:00,Battery_3,27.13,3.9
1923,2016-08-01 15:25:00,Battery_4,27.13,3.9
1924,2016-08-01 15:25:00,Battery_5,27.13,3.9
1925,2016-08-01 15:25:00,Battery_6,27.13,3.9
1926,2016-08-01 15:25:00,unresponsive_loads,10000.0,4.8356
1927,2016-08-01 15:25:00,WS_export,34.11,0.0
1928,2016-08-01 15:30:00,house_1,49.6420180688116,2.26925
1929,2016-08-01 15:30:00,house_4,49.64249906706801,2.26994
1930,2016-08-01 15:30:00,house_5,49.642097887620785,2.26927
1931,2016-08-01 15:30:00,house_6,49.642423663886035,2.26994
1932,2016-08-01 15:30:00,Battery_1,27.13,3.9
1933,2016-08-01 15:30:00,Battery_2,27.13,3.9
1934,2016-08-01 15:30:00,Battery_3,27.13,3.9
1935,2016-08-01 15:30:00,Battery_4,27.13,3.9
1936,2016-08-01 15:30:00,Battery_5,27.13,3.9
1937,2016-08-01 15:30:00,Battery_6,27.13,3.9
1938,2016-08-01 15:30:00,unresponsive_loads,10000.0,4.8346
1939,2016-08-01 15:30:00,WS_export,33.49,0.0
1940,2016-08-01 15:35:00,house_6,48.93910285329929,2.2687
1941,2016-08-01 15:35:00,Battery_1,27.13,3.9
1942,2016-08-01 15:35:00,Battery_2,27.13,3.9
1943,2016-08-01 15:35:00,Battery_3,27.13,3.9
1944,2016-08-01 15:35:00,Battery_4,27.13,3.9
1945,2016-08-01 15:35:00,Battery_5,27.13,3.9
1946,2016-08-01 15:35:00,Battery_6,27.13,3.9
1947,2016-08-01 15:35:00,unresponsive_loads,10000.0,3.2108
1948,2016-08-01 15:35:00,WS_export,33.49,0.0
1949,2016-08-01 15:40:00,house_2,48.23670642685261,2.26925
1950,2016-08-01 15:40:00,house_3,48.234886343139046,2.68238
1951,2016-08-01 15:40:00,Battery_1,27.13,3.9
1952,2016-08-01 15:40:00,Battery_2,27.13,3.9
1953,2016-08-01 15:40:00,Battery_3,27.13,3.9
1954,2016-08-01 15:40:00,Battery_4,27.13,3.9
1955,2016-08-01 15:40:00,Battery_5,27.13,3.9
1956,2016-08-01 15:40:00,Battery_6,27.13,3.9
1957,2016-08-01 15:40:00,unresponsive_loads,10000.0,3.2006
1958,2016-08-01 15:40:00,WS_export,33.49,0.0
1959,2016-08-01 15:45:00,house_1,47.53451713244063,2.26862
1960,2016-08-01 15:45:00,house_2,47.53473264443039,2.26742
1961,2016-08-01 15:45:00,house_3,47.53261708421315,2.68014
1962,2016-08-01 15:45:00,house_4,47.535019448072404,2.26871
1963,2016-08-01 15:45:00,house_5,47.534732489803396,2.2687
1964,2016-08-01 15:45:00,Battery_1,27.13,3.9
1965,2016-08-01 15:45:00,Battery_2,27.13,3.9
1966,2016-08-01 15:45:00,Battery_3,27.13,3.9
1967,2016-08-01 15:45:00,Battery_4,27.13,3.9
1968,2016-08-01 15:45:00,Battery_5,27.13,3.9
1969,2016-08-01 15:45:00,Battery_6,27.13,3.9
1970,2016-08-01 15:45:00,unresponsive_loads,10000.0,6.6574
1971,2016-08-01 15:45:00,WS_export,33.870000000000005,0.0
1972,2016-08-01 15:50:00,house_1,46.83341062709125,2.26649
1973,2016-08-01 15:50:00,house_4,46.8337772709073,2.26655
1974,2016-08-01 15:50:00,house_5,46.83346335328612,2.2666
1975,2016-08-01 15:50:00,house_6,46.83379293452899,2.26803
1976,2016-08-01 15:50:00,Battery_1,27.13,3.9
1977,2016-08-01 15:50:00,Battery_2,27.13,3.9
1978,2016-08-01 15:50:00,Battery_3,27.13,3.9
1979,2016-08-01 15:50:00,Battery_4,27.13,3.9
1980,2016-08-01 15:50:00,Battery_5,27.13,3.9
1981,2016-08-01 15:50:00,Battery_6,27.13,3.9
1982,2016-08-01 15:50:00,unresponsive_loads,10000.0,3.2
1983,2016-08-01 15:50:00,WS_export,33.870000000000005,0.0
1984,2016-08-01 15:55:00,Battery_1,27.13,3.9
1985,2016-08-01 15:55:00,Battery_2,27.13,3.9
1986,2016-08-01 15:55:00,Battery_3,27.13,3.9
1987,2016-08-01 15:55:00,Battery_4,27.13,3.9
1988,2016-08-01 15:55:00,Battery_5,27.13,3.9
1989,2016-08-01 15:55:00,Battery_6,27.13,3.9
1990,2016-08-01 15:55:00,unresponsive_loads,10000.0,3.2074
1991,2016-08-01 15:55:00,WS_export,33.870000000000005,0.0
1992,2016-08-01 16:00:00,house_2,44.547693839740404,2.26649
1993,2016-08-01 16:00:00,house_3,44.54590739840942,2.67911
1994,2016-08-01 16:00:00,Battery_1,27.13,3.9
1995,2016-08-01 16:00:00,Battery_2,27.13,3.9
1996,2016-08-01 16:00:00,Battery_3,27.13,3.9
1997,2016-08-01 16:00:00,Battery_4,27.13,3.9
1998,2016-08-01 16:00:00,Battery_5,27.13,3.9
1999,2016-08-01 16:00:00,Battery_6,27.13,3.9
2000,2016-08-01 16:00:00,unresponsive_loads,10000.0,3.0363
2001,2016-08-01 16:00:00,WS_export,33.27,0.0
2002,2016-08-01 16:05:00,house_1,43.75605539542222,2.26559
2003,2016-08-01 16:05:00,house_4,43.756478238127954,2.26559
2004,2016-08-01 16:05:00,house_5,43.75624463594333,2.26565
2005,2016-08-01 16:05:00,house_6,43.75645152434781,2.26565
2006,2016-08-01 16:05:00,Battery_1,27.13,3.9
2007,2016-08-01 16:05:00,Battery_2,27.13,3.9
2008,2016-08-01 16:05:00,Battery_3,27.13,3.9
2009,2016-08-01 16:05:00,Battery_4,27.13,3.9
2010,2016-08-01 16:05:00,Battery_5,27.13,3.9
2011,2016-08-01 16:05:00,Battery_6,27.13,3.9
2012,2016-08-01 16:05:00,unresponsive_loads,10000.0,3.2324
2013,2016-08-01 16:05:00,WS_export,33.27,0.0
2014,2016-08-01 16:10:00,house_4,42.97008746991368,2.26167
2015,2016-08-01 16:10:00,house_5,42.96980448076455,2.26173
2016,2016-08-01 16:10:00,house_6,42.97017436052486,2.26173
2017,2016-08-01 16:10:00,Battery_1,27.13,3.9
2018,2016-08-01 16:10:00,Battery_2,27.13,3.9
2019,2016-08-01 16:10:00,Battery_3,27.13,3.9
2020,2016-08-01 16:10:00,Battery_4,27.13,3.9
2021,2016-08-01 16:10:00,Battery_5,27.13,3.9
2022,2016-08-01 16:10:00,Battery_6,27.13,3.9
2023,2016-08-01 16:10:00,unresponsive_loads,10000.0,3.2406
2024,2016-08-01 16:10:00,WS_export,33.27,0.0
2025,2016-08-01 16:15:00,house_2,42.18936626908147,2.26359
2026,2016-08-01 16:15:00,house_3,42.18772468841553,2.67554
2027,2016-08-01 16:15:00,Battery_1,27.13,3.9
2028,2016-08-01 16:15:00,Battery_2,27.13,3.9
2029,2016-08-01 16:15:00,Battery_3,27.13,3.9
2030,2016-08-01 16:15:00,Battery_4,27.13,3.9
2031,2016-08-01 16:15:00,Battery_5,27.13,3.9
2032,2016-08-01 16:15:00,Battery_6,27.13,3.9
2033,2016-08-01 16:15:00,unresponsive_loads,10000.0,3.2551
2034,2016-08-01 16:15:00,WS_export,32.96,0.0
2035,2016-08-01 16:20:00,house_1,41.41397391033835,2.26167
2036,2016-08-01 16:20:00,house_2,41.414072636755634,2.25808
2037,2016-08-01 16:20:00,Battery_1,27.13,3.9
2038,2016-08-01 16:20:00,Battery_2,27.13,3.9
2039,2016-08-01 16:20:00,Battery_3,27.13,3.9
2040,2016-08-01 16:20:00,Battery_4,27.13,3.9
2041,2016-08-01 16:20:00,Battery_5,27.13,3.9
2042,2016-08-01 16:20:00,Battery_6,27.13,3.9
2043,2016-08-01 16:20:00,unresponsive_loads,10000.0,3.2891
2044,2016-08-01 16:20:00,WS_export,32.96,0.0
2045,2016-08-01 16:25:00,house_1,40.64501340516746,2.25623
2046,2016-08-01 16:25:00,house_4,40.64538529866581,2.25984
2047,2016-08-01 16:25:00,house_5,40.64516053375894,2.25979
2048,2016-08-01 16:25:00,house_6,40.6453280149003,2.25979
2049,2016-08-01 16:25:00,Battery_1,27.13,3.9
2050,2016-08-01 16:25:00,Battery_2,27.13,3.9
2051,2016-08-01 16:25:00,Battery_3,27.13,3.9
2052,2016-08-01 16:25:00,Battery_4,27.13,3.9
2053,2016-08-01 16:25:00,Battery_5,27.13,3.9
2054,2016-08-01 16:25:00,Battery_6,27.13,3.9
2055,2016-08-01 16:25:00,unresponsive_loads,10000.0,3.2442
2056,2016-08-01 16:25:00,WS_export,32.96,0.0
2057,2016-08-01 16:30:00,house_3,39.88197713663306,2.66887
2058,2016-08-01 16:30:00,house_4,39.88333298279035,2.25452
2059,2016-08-01 16:30:00,house_6,39.8834033584267,2.2545
2060,2016-08-01 16:30:00,Battery_1,27.13,3.9
2061,2016-08-01 16:30:00,Battery_2,27.13,3.9
2062,2016-08-01 16:30:00,Battery_3,27.13,3.9
2063,2016-08-01 16:30:00,Battery_4,27.13,3.9
2064,2016-08-01 16:30:00,Battery_5,27.13,3.9
2065,2016-08-01 16:30:00,Battery_6,27.13,3.9
2066,2016-08-01 16:30:00,unresponsive_loads,10000.0,3.2555
2067,2016-08-01 16:30:00,WS_export,32.080000000000005,0.0
2068,2016-08-01 16:35:00,house_2,39.12948506741685,2.25623
2069,2016-08-01 16:35:00,house_3,39.127674338702136,2.66249
2070,2016-08-01 16:35:00,Battery_1,27.13,3.9
2071,2016-08-01 16:35:00,Battery_2,27.13,3.9
2072,2016-08-01 16:35:00,Battery_3,27.13,3.9
2073,2016-08-01 16:35:00,Battery_4,27.13,3.9
2074,2016-08-01 16:35:00,Battery_5,27.13,3.9
2075,2016-08-01 16:35:00,Battery_6,27.13,3.9
2076,2016-08-01 16:35:00,unresponsive_loads,10000.0,4.1907
2077,2016-08-01 16:35:00,WS_export,32.080000000000005,0.0
2078,2016-08-01 16:40:00,house_1,38.3848703429498,2.2544
2079,2016-08-01 16:40:00,house_5,38.38506072883033,2.2545
2080,2016-08-01 16:40:00,Battery_1,27.13,3.9
2081,2016-08-01 16:40:00,Battery_2,27.13,3.9
2082,2016-08-01 16:40:00,Battery_3,27.13,3.9
2083,2016-08-01 16:40:00,Battery_4,27.13,3.9
2084,2016-08-01 16:40:00,Battery_5,27.13,3.9
2085,2016-08-01 16:40:00,Battery_6,27.13,3.9
2086,2016-08-01 16:40:00,unresponsive_loads,10000.0,4.1616
2087,2016-08-01 16:40:00,WS_export,32.080000000000005,0.0
2088,2016-08-01 16:45:00,house_1,37.652287092106164,2.24926
2089,2016-08-01 16:45:00,house_4,37.65264502116072,2.25271
2090,2016-08-01 16:45:00,house_5,37.65232405593901,2.24933
2091,2016-08-01 16:45:00,house_6,37.65259217545568,2.25265
2092,2016-08-01 16:45:00,Battery_1,27.13,3.9
2093,2016-08-01 16:45:00,Battery_2,27.13,3.9
2094,2016-08-01 16:45:00,Battery_3,27.13,3.9
2095,2016-08-01 16:45:00,Battery_4,27.13,3.9
2096,2016-08-01 16:45:00,Battery_5,27.13,3.9
2097,2016-08-01 16:45:00,Battery_6,27.13,3.9
2098,2016-08-01 16:45:00,unresponsive_loads,10000.0,4.1446
2099,2016-08-01 16:45:00,WS_export,31.54,0.0
2100,2016-08-01 16:50:00,house_2,36.93602775553887,2.25102
2101,2016-08-01 16:50:00,house_3,36.93446592075823,2.66034
2102,2016-08-01 16:50:00,house_4,36.935888355917186,2.24765
2103,2016-08-01 16:50:00,house_6,36.93595363682975,2.24758
2104,2016-08-01 16:50:00,Battery_1,27.13,3.9
2105,2016-08-01 16:50:00,Battery_2,27.13,3.9
2106,2016-08-01 16:50:00,Battery_3,27.13,3.9
2107,2016-08-01 16:50:00,Battery_4,27.13,3.9
2108,2016-08-01 16:50:00,Battery_5,27.13,3.9
2109,2016-08-01 16:50:00,Battery_6,27.13,3.9
2110,2016-08-01 16:50:00,unresponsive_loads,10000.0,3.7107
2111,2016-08-01 16:50:00,WS_export,31.54,0.0
2112,2016-08-01 16:55:00,Battery_1,27.13,3.9
2113,2016-08-01 16:55:00,Battery_2,27.13,3.9
2114,2016-08-01 16:55:00,Battery_3,27.13,3.9
2115,2016-08-01 16:55:00,Battery_4,27.13,3.9
2116,2016-08-01 16:55:00,Battery_5,27.13,3.9
2117,2016-08-01 16:55:00,Battery_6,27.13,3.9
2118,2016-08-01 16:55:00,unresponsive_loads,10000.0,3.9493
2119,2016-08-01 16:55:00,WS_export,31.54,0.0
2120,2016-08-01 17:00:00,house_1,34.91621042253598,2.24758
2121,2016-08-01 17:00:00,house_5,34.91634648894235,2.24758
2122,2016-08-01 17:00:00,Battery_1,27.13,3.9
2123,2016-08-01 17:00:00,Battery_2,27.13,3.9
2124,2016-08-01 17:00:00,Battery_3,27.13,3.9
2125,2016-08-01 17:00:00,Battery_4,27.13,3.9
2126,2016-08-01 17:00:00,Battery_5,27.13,3.9
2127,2016-08-01 17:00:00,Battery_6,27.13,3.9
2128,2016-08-01 17:00:00,unresponsive_loads,10000.0,4.1682
2129,2016-08-01 17:00:00,WS_export,30.84,0.0
2130,2016-08-01 17:05:00,house_2,34.679657380294906,2.24593
2131,2016-08-01 17:05:00,house_3,34.67825399397667,2.65436
2132,2016-08-01 17:05:00,house_4,34.67960446830609,2.24593
2133,2016-08-01 17:05:00,house_6,34.679556530852736,2.24588
2134,2016-08-01 17:05:00,Battery_1,27.13,3.9
2135,2016-08-01 17:05:00,Battery_2,27.13,3.9
2136,2016-08-01 17:05:00,Battery_3,27.13,3.9
2137,2016-08-01 17:05:00,Battery_4,27.13,3.9
2138,2016-08-01 17:05:00,Battery_5,27.13,3.9
2139,2016-08-01 17:05:00,Battery_6,27.13,3.9
2140,2016-08-01 17:05:00,unresponsive_loads,10000.0,3.8272
2141,2016-08-01 17:05:00,WS_export,30.84,0.0
2142,2016-08-01 17:10:00,house_2,34.44726802229248,2.24134
2143,2016-08-01 17:10:00,Battery_1,27.13,3.9
2144,2016-08-01 17:10:00,Battery_2,27.13,3.9
2145,2016-08-01 17:10:00,Battery_3,27.13,3.9
2146,2016-08-01 17:10:00,Battery_4,27.13,3.9
2147,2016-08-01 17:10:00,Battery_5,27.13,3.9
2148,2016-08-01 17:10:00,Battery_6,27.13,3.9
2149,2016-08-01 17:10:00,unresponsive_loads,10000.0,4.039
2150,2016-08-01 17:10:00,WS_export,30.84,0.0
2151,2016-08-01 17:15:00,house_1,34.21986023446774,2.24271
2152,2016-08-01 17:15:00,house_5,34.21998842641752,2.24272
2153,2016-08-01 17:15:00,Battery_1,27.13,3.9
2154,2016-08-01 17:15:00,Battery_2,27.13,3.9
2155,2016-08-01 17:15:00,Battery_3,27.13,3.9
2156,2016-08-01 17:15:00,Battery_4,27.13,3.9
2157,2016-08-01 17:15:00,Battery_5,27.13,3.9
2158,2016-08-01 17:15:00,Battery_6,27.13,3.9
2159,2016-08-01 17:15:00,unresponsive_loads,10000.0,4.0082
2160,2016-08-01 17:15:00,WS_export,30.79,0.0
2161,2016-08-01 17:20:00,house_1,33.99783740380952,2.23861
2162,2016-08-01 17:20:00,house_3,33.996819615841105,2.64892
2163,2016-08-01 17:20:00,house_4,33.99817949863453,2.2414
2164,2016-08-01 17:20:00,house_5,33.997851133931256,2.23866
2165,2016-08-01 17:20:00,house_6,33.99813172834215,2.24134
2166,2016-08-01 17:20:00,Battery_1,27.13,3.9
2167,2016-08-01 17:20:00,Battery_2,27.13,3.9
2168,2016-08-01 17:20:00,Battery_3,27.13,3.9
2169,2016-08-01 17:20:00,Battery_4,27.13,3.9
2170,2016-08-01 17:20:00,Battery_5,27.13,3.9
2171,2016-08-01 17:20:00,Battery_6,27.13,3.9
2172,2016-08-01 17:20:00,unresponsive_loads,10000.0,4.0067
2173,2016-08-01 17:20:00,WS_export,30.79,0.0
2174,2016-08-01 17:25:00,house_2,33.78206566628207,2.23999
2175,2016-08-01 17:25:00,house_4,33.78201988855592,2.23726
2176,2016-08-01 17:25:00,house_6,33.78207970827667,2.23721
2177,2016-08-01 17:25:00,Battery_1,27.13,3.9
2178,2016-08-01 17:25:00,Battery_2,27.13,3.9
2179,2016-08-01 17:25:00,Battery_3,27.13,3.9
2180,2016-08-01 17:25:00,Battery_4,27.13,3.9
2181,2016-08-01 17:25:00,Battery_5,27.13,3.9
2182,2016-08-01 17:25:00,Battery_6,27.13,3.9
2183,2016-08-01 17:25:00,unresponsive_loads,10000.0,3.8783
2184,2016-08-01 17:25:00,WS_export,30.79,0.0
2185,2016-08-01 17:30:00,Battery_1,27.13,3.9
2186,2016-08-01 17:30:00,Battery_2,27.13,3.9
2187,2016-08-01 17:30:00,Battery_3,27.13,3.9
2188,2016-08-01 17:30:00,Battery_4,27.13,3.9
2189,2016-08-01 17:30:00,Battery_5,27.13,3.9
2190,2016-08-01 17:30:00,Battery_6,27.13,3.9
2191,2016-08-01 17:30:00,unresponsive_loads,10000.0,3.7156
2192,2016-08-01 17:30:00,WS_export,30.7,0.0
2193,2016-08-01 17:35:00,house_1,33.37112715360117,2.23721
2194,2016-08-01 17:35:00,house_3,33.37012926799092,2.64395
2195,2016-08-01 17:35:00,house_5,33.37124724877421,2.23721
2196,2016-08-01 17:35:00,Battery_1,27.13,3.9
2197,2016-08-01 17:35:00,Battery_2,27.13,3.9
2198,2016-08-01 17:35:00,Battery_3,27.13,3.9
2199,2016-08-01 17:35:00,Battery_4,27.13,3.9
2200,2016-08-01 17:35:00,Battery_5,27.13,3.9
2201,2016-08-01 17:35:00,Battery_6,27.13,3.9
2202,2016-08-01 17:35:00,unresponsive_loads,10000.0,3.7899
2203,2016-08-01 17:35:00,WS_export,30.7,0.0
2204,2016-08-01 17:40:00,house_2,33.17948057991533,2.23579
2205,2016-08-01 17:40:00,house_4,33.179470743344986,2.23572
2206,2016-08-01 17:40:00,house_6,33.1794262610547,2.23574
2207,2016-08-01 17:40:00,Battery_1,27.13,3.9
2208,2016-08-01 17:40:00,Battery_2,27.13,3.9
2209,2016-08-01 17:40:00,Battery_3,27.13,3.9
2210,2016-08-01 17:40:00,Battery_4,27.13,3.9
2211,2016-08-01 17:40:00,Battery_5,27.13,3.9
2212,2016-08-01 17:40:00,Battery_6,27.13,3.9
2213,2016-08-01 17:40:00,unresponsive_loads,10000.0,3.8651
2214,2016-08-01 17:40:00,WS_export,30.7,0.0
2215,2016-08-01 17:45:00,Battery_1,27.13,3.9
2216,2016-08-01 17:45:00,Battery_2,27.13,3.9
2217,2016-08-01 17:45:00,Battery_3,27.13,3.9
2218,2016-08-01 17:45:00,Battery_4,27.13,3.9
2219,2016-08-01 17:45:00,Battery_5,27.13,3.9
2220,2016-08-01 17:45:00,Battery_6,27.13,3.9
2221,2016-08-01 17:45:00,unresponsive_loads,10000.0,3.8391
2222,2016-08-01 17:45:00,WS_export,30.509999999999998,0.0
2223,2016-08-01 17:50:00,house_1,32.836706503668466,2.23289
2224,2016-08-01 17:50:00,house_3,32.835668595223055,2.63871
2225,2016-08-01 17:50:00,house_5,32.83682050594871,2.23289
2226,2016-08-01 17:50:00,Battery_1,27.13,3.9
2227,2016-08-01 17:50:00,Battery_2,27.13,3.9
2228,2016-08-01 17:50:00,Battery_3,27.13,3.9
2229,2016-08-01 17:50:00,Battery_4,27.13,3.9
2230,2016-08-01 17:50:00,Battery_5,27.13,3.9
2231,2016-08-01 17:50:00,Battery_6,27.13,3.9
2232,2016-08-01 17:50:00,unresponsive_loads,10000.0,3.7634
2233,2016-08-01 17:50:00,WS_export,30.509999999999998,0.0
2234,2016-08-01 17:55:00,house_1,32.70075275728051,2.22829
2235,2016-08-01 17:55:00,house_2,32.701056858921056,2.23134
2236,2016-08-01 17:55:00,house_4,32.70108447491044,2.23133
2237,2016-08-01 17:55:00,house_5,32.70075766853701,2.22829
2238,2016-08-01 17:55:00,house_6,32.70104032645813,2.23134
2239,2016-08-01 17:55:00,Battery_1,27.13,3.9
2240,2016-08-01 17:55:00,Battery_2,27.13,3.9
2241,2016-08-01 17:55:00,Battery_3,27.13,3.9
2242,2016-08-01 17:55:00,Battery_4,27.13,3.9
2243,2016-08-01 17:55:00,Battery_5,27.13,3.9
2244,2016-08-01 17:55:00,Battery_6,27.13,3.9
2245,2016-08-01 17:55:00,unresponsive_loads,10000.0,3.7281
2246,2016-08-01 17:55:00,WS_export,30.509999999999998,0.0
2247,2016-08-01 18:00:00,house_6,31.95037187510797,2.22666
2248,2016-08-01 18:00:00,Battery_1,27.13,3.9
2249,2016-08-01 18:00:00,Battery_2,27.13,3.9
2250,2016-08-01 18:00:00,Battery_3,27.13,3.9
2251,2016-08-01 18:00:00,Battery_4,27.13,3.9
2252,2016-08-01 18:00:00,Battery_5,27.13,3.9
2253,2016-08-01 18:00:00,Battery_6,27.13,3.9
2254,2016-08-01 18:00:00,unresponsive_loads,10000.0,12.1234
2255,2016-08-01 18:00:00,WS_export,30.319999999999997,0.0
2256,2016-08-01 18:05:00,house_3,31.6121756761036,2.63319
2257,2016-08-01 18:05:00,Battery_1,27.13,3.9
2258,2016-08-01 18:05:00,Battery_2,27.13,3.9
2259,2016-08-01 18:05:00,Battery_3,27.13,3.9
2260,2016-08-01 18:05:00,Battery_4,27.13,3.9
2261,2016-08-01 18:05:00,Battery_5,27.13,3.9
2262,2016-08-01 18:05:00,Battery_6,27.13,3.9
2263,2016-08-01 18:05:00,unresponsive_loads,10000.0,12.5936
2264,2016-08-01 18:05:00,WS_export,30.319999999999997,0.0
2265,2016-08-01 18:10:00,house_1,31.306109234161273,2.22666
2266,2016-08-01 18:10:00,house_2,31.30641012712024,2.22666
2267,2016-08-01 18:10:00,house_4,31.306448005785732,2.22665
2268,2016-08-01 18:10:00,house_5,31.30621391727921,2.22666
2269,2016-08-01 18:10:00,Battery_1,27.13,3.9
2270,2016-08-01 18:10:00,Battery_2,27.13,3.9
2271,2016-08-01 18:10:00,Battery_3,27.13,3.9
2272,2016-08-01 18:10:00,Battery_4,27.13,3.9
2273,2016-08-01 18:10:00,Battery_5,27.13,3.9
2274,2016-08-01 18:10:00,Battery_6,27.13,3.9
2275,2016-08-01 18:10:00,unresponsive_loads,10000.0,13.1792
2276,2016-08-01 18:10:00,WS_export,30.319999999999997,0.0
2277,2016-08-01 18:15:00,Battery_1,27.13,3.9
2278,2016-08-01 18:15:00,Battery_2,27.13,3.9
2279,2016-08-01 18:15:00,Battery_3,27.13,3.9
2280,2016-08-01 18:15:00,Battery_4,27.13,3.9
2281,2016-08-01 18:15:00,Battery_5,27.13,3.9
2282,2016-08-01 18:15:00,Battery_6,27.13,3.9
2283,2016-08-01 18:15:00,unresponsive_loads,10000.0,12.3302
2284,2016-08-01 18:15:00,WS_export,30.709999999999997,0.0
2285,2016-08-01 18:20:00,house_3,30.750853991654868,2.62659
2286,2016-08-01 18:20:00,house_6,30.752109141704995,2.22499
2287,2016-08-01 18:20:00,Battery_1,27.13,3.9
2288,2016-08-01 18:20:00,Battery_2,27.13,3.9
2289,2016-08-01 18:20:00,Battery_3,27.13,3.9
2290,2016-08-01 18:20:00,Battery_4,27.13,3.9
2291,2016-08-01 18:20:00,Battery_5,27.13,3.9
2292,2016-08-01 18:20:00,Battery_6,27.13,3.9
2293,2016-08-01 18:20:00,unresponsive_loads,10000.0,11.9824
2294,2016-08-01 18:20:00,WS_export,30.709999999999997,0.0
2295,2016-08-01 18:25:00,house_1,30.497058297541038,2.22041
2296,2016-08-01 18:25:00,house_2,30.49731262025506,2.22041
2297,2016-08-01 18:25:00,house_4,30.497361286255888,2.22051
2298,2016-08-01 18:25:00,house_5,30.497156872008773,2.22056
2299,2016-08-01 18:25:00,Battery_1,27.13,3.9
2300,2016-08-01 18:25:00,Battery_2,27.13,3.9
2301,2016-08-01 18:25:00,Battery_3,27.13,3.9
2302,2016-08-01 18:25:00,Battery_4,27.13,3.9
2303,2016-08-01 18:25:00,Battery_5,27.13,3.9
2304,2016-08-01 18:25:00,Battery_6,27.13,3.9
2305,2016-08-01 18:25:00,unresponsive_loads,10000.0,11.5751
2306,2016-08-01 18:25:00,WS_export,30.709999999999997,0.0
2307,2016-08-01 18:30:00,Battery_1,27.13,3.9
2308,2016-08-01 18:30:00,Battery_2,27.13,3.9
2309,2016-08-01 18:30:00,Battery_3,27.13,3.9
2310,2016-08-01 18:30:00,Battery_4,27.13,3.9
2311,2016-08-01 18:30:00,Battery_5,27.13,3.9
2312,2016-08-01 18:30:00,Battery_6,27.13,3.9
2313,2016-08-01 18:30:00,unresponsive_loads,10000.0,12.4914
2314,2016-08-01 18:30:00,WS_export,29.61,0.0
2315,2016-08-01 18:35:00,house_3,30.02185853083244,2.61894
2316,2016-08-01 18:35:00,Battery_1,27.13,3.9
2317,2016-08-01 18:35:00,Battery_2,27.13,3.9
2318,2016-08-01 18:35:00,Battery_3,27.13,3.9
2319,2016-08-01 18:35:00,Battery_4,27.13,3.9
2320,2016-08-01 18:35:00,Battery_5,27.13,3.9
2321,2016-08-01 18:35:00,Battery_6,27.13,3.9
2322,2016-08-01 18:35:00,unresponsive_loads,10000.0,14.8716
2323,2016-08-01 18:35:00,WS_export,29.61,0.0
2324,2016-08-01 18:40:00,house_2,29.80163541647448,2.21435
2325,2016-08-01 18:40:00,house_4,29.80169562587792,2.21442
2326,2016-08-01 18:40:00,house_5,29.801492580996225,2.21442
2327,2016-08-01 18:40:00,house_6,29.801722374829282,2.21639
2328,2016-08-01 18:40:00,Battery_1,27.13,3.9
2329,2016-08-01 18:40:00,Battery_2,27.13,3.9
2330,2016-08-01 18:40:00,Battery_3,27.13,3.9
2331,2016-08-01 18:40:00,Battery_4,27.13,3.9
2332,2016-08-01 18:40:00,Battery_5,27.13,3.9
2333,2016-08-01 18:40:00,Battery_6,27.13,3.9
2334,2016-08-01 18:40:00,unresponsive_loads,10000.0,4.5177
2335,2016-08-01 18:40:00,WS_export,29.61,0.0
2336,2016-08-01 18:45:00,house_1,29.58968081952214,2.21435
2337,2016-08-01 18:45:00,Battery_1,27.13,3.9
2338,2016-08-01 18:45:00,Battery_2,27.13,3.9
2339,2016-08-01 18:45:00,Battery_3,27.13,3.9
2340,2016-08-01 18:45:00,Battery_4,27.13,3.9
2341,2016-08-01 18:45:00,Battery_5,27.13,3.9
2342,2016-08-01 18:45:00,Battery_6,27.13,3.9
2343,2016-08-01 18:45:00,unresponsive_loads,10000.0,12.4336
2344,2016-08-01 18:45:00,WS_export,27.419999999999998,0.0
2345,2016-08-01 18:50:00,house_3,29.38606626859874,2.61229
2346,2016-08-01 18:50:00,Battery_1,27.13,3.9
2347,2016-08-01 18:50:00,Battery_2,27.13,3.9
2348,2016-08-01 18:50:00,Battery_3,27.13,3.9
2349,2016-08-01 18:50:00,Battery_4,27.13,3.9
2350,2016-08-01 18:50:00,Battery_5,27.13,3.9
2351,2016-08-01 18:50:00,Battery_6,27.13,3.9
2352,2016-08-01 18:50:00,unresponsive_loads,10000.0,11.9191
2353,2016-08-01 18:50:00,WS_export,27.419999999999998,0.0
2354,2016-08-01 18:55:00,house_4,29.194160830516033,2.20919
2355,2016-08-01 18:55:00,house_5,29.193957649398367,2.20925
2356,2016-08-01 18:55:00,Battery_1,27.13,3.9
2357,2016-08-01 18:55:00,Battery_2,27.13,3.9
2358,2016-08-01 18:55:00,Battery_3,27.13,3.9
2359,2016-08-01 18:55:00,Battery_4,27.13,3.9
2360,2016-08-01 18:55:00,Battery_5,27.13,3.9
2361,2016-08-01 18:55:00,Battery_6,27.13,3.9
2362,2016-08-01 18:55:00,unresponsive_loads,10000.0,4.2851
2363,2016-08-01 18:55:00,WS_export,27.419999999999998,0.0
2364,2016-08-01 19:00:00,house_2,27.630839697412505,2.20924
2365,2016-08-01 19:00:00,house_6,27.63086487718178,2.20925
2366,2016-08-01 19:00:00,Battery_1,27.13,3.9
2367,2016-08-01 19:00:00,Battery_2,27.13,3.9
2368,2016-08-01 19:00:00,Battery_3,27.13,3.9
2369,2016-08-01 19:00:00,Battery_4,27.13,3.9
2370,2016-08-01 19:00:00,Battery_5,27.13,3.9
2371,2016-08-01 19:00:00,Battery_6,27.13,3.9
2372,2016-08-01 19:00:00,unresponsive_loads,10000.0,4.1089
2373,2016-08-01 19:00:00,WS_export,26.75,0.0
2374,2016-08-01 19:05:00,house_1,27.19545143515372,2.20753
2375,2016-08-01 19:05:00,Battery_1,27.13,3.9
2376,2016-08-01 19:05:00,Battery_2,27.13,3.9
2377,2016-08-01 19:05:00,Battery_3,27.13,3.9
2378,2016-08-01 19:05:00,Battery_4,27.13,3.9
2379,2016-08-01 19:05:00,Battery_5,27.13,3.9
2380,2016-08-01 19:05:00,Battery_6,27.13,3.9
2381,2016-08-01 19:05:00,unresponsive_loads,10000.0,4.4652
2382,2016-08-01 19:05:00,WS_export,26.75,0.0
2383,2016-08-01 19:10:00,house_3,26.791405048846244,2.60678
2384,2016-08-01 19:10:00,house_4,26.792515700362635,2.20485
2385,2016-08-01 19:10:00,Battery_1,27.13,3.9
2386,2016-08-01 19:10:00,Battery_2,27.13,3.9
2387,2016-08-01 19:10:00,Battery_3,27.13,3.9
2388,2016-08-01 19:10:00,Battery_4,27.13,3.9
2389,2016-08-01 19:10:00,Battery_5,27.13,3.9
2390,2016-08-01 19:10:00,Battery_6,27.13,3.9
2391,2016-08-01 19:10:00,unresponsive_loads,10000.0,4.0062
2392,2016-08-01 19:10:00,WS_export,26.75,0.0
2393,2016-08-01 19:15:00,house_5,26.416290146394097,2.20491
2394,2016-08-01 19:15:00,Battery_1,27.13,3.9
2395,2016-08-01 19:15:00,Battery_2,27.13,3.9
2396,2016-08-01 19:15:00,Battery_3,27.13,3.9
2397,2016-08-01 19:15:00,Battery_4,27.13,3.9
2398,2016-08-01 19:15:00,Battery_5,27.13,3.9
2399,2016-08-01 19:15:00,Battery_6,27.13,3.9
2400,2016-08-01 19:15:00,unresponsive_loads,10000.0,12.107
2401,2016-08-01 19:15:00,WS_export,26.4,0.0
2402,2016-08-01 19:20:00,house_2,26.063741865425637,2.20366
2403,2016-08-01 19:20:00,house_6,26.063776317523942,2.20361
2404,2016-08-01 19:20:00,Battery_1,27.13,3.9
2405,2016-08-01 19:20:00,Battery_2,27.13,3.9
2406,2016-08-01 19:20:00,Battery_3,27.13,3.9
2407,2016-08-01 19:20:00,Battery_4,27.13,3.9
2408,2016-08-01 19:20:00,Battery_5,27.13,3.9
2409,2016-08-01 19:20:00,Battery_6,27.13,3.9
2410,2016-08-01 19:20:00,unresponsive_loads,10000.0,3.5656
2411,2016-08-01 19:20:00,WS_export,26.4,0.0
2412,2016-08-01 19:25:00,house_1,25.731825728483095,2.20287
2413,2016-08-01 19:25:00,house_2,25.732037145026748,2.20366
2414,2016-08-01 19:25:00,house_6,25.732066499967285,2.20361
2415,2016-08-01 19:25:00,Battery_1,27.13,3.9
2416,2016-08-01 19:25:00,Battery_2,27.13,3.9
2417,2016-08-01 19:25:00,Battery_3,27.13,3.9
2418,2016-08-01 19:25:00,Battery_4,27.13,3.9
2419,2016-08-01 19:25:00,Battery_5,27.13,3.9
2420,2016-08-01 19:25:00,Battery_6,27.13,3.9
2421,2016-08-01 19:25:00,unresponsive_loads,10000.0,3.5654
2422,2016-08-01 19:25:00,WS_export,26.4,0.0
2423,2016-08-01 19:30:00,house_1,25.419268696302865,2.20287
2424,2016-08-01 19:30:00,house_2,25.41946643675761,2.20366
2425,2016-08-01 19:30:00,house_3,25.418258169572013,2.6019
2426,2016-08-01 19:30:00,house_4,25.419411805906844,2.20222
2427,2016-08-01 19:30:00,house_6,25.419492282685876,2.20361
2428,2016-08-01 19:30:00,Battery_1,27.13,3.9
2429,2016-08-01 19:30:00,Battery_2,27.13,3.9
2430,2016-08-01 19:30:00,Battery_3,27.13,3.9
2431,2016-08-01 19:30:00,Battery_4,27.13,3.9
2432,2016-08-01 19:30:00,Battery_5,27.13,3.9
2433,2016-08-01 19:30:00,Battery_6,27.13,3.9
2434,2016-08-01 19:30:00,unresponsive_loads,10000.0,3.5616
2435,2016-08-01 19:30:00,WS_export,25.669999999999998,0.0
2436,2016-08-01 19:35:00,house_1,25.124543943449538,2.20287
2437,2016-08-01 19:35:00,house_2,25.124736762965615,2.20366
2438,2016-08-01 19:35:00,house_3,25.123583382713488,2.6019
2439,2016-08-01 19:35:00,house_4,25.124695451532453,2.20222
2440,2016-08-01 19:35:00,house_5,25.124503127971774,2.20153
2441,2016-08-01 19:35:00,house_6,25.12475938512165,2.20361
2442,2016-08-01 19:35:00,Battery_1,27.13,3.9
2443,2016-08-01 19:35:00,Battery_2,27.13,3.9
2444,2016-08-01 19:35:00,Battery_3,27.13,3.9
2445,2016-08-01 19:35:00,Battery_4,27.13,3.9
2446,2016-08-01 19:35:00,Battery_5,27.13,3.9
2447,2016-08-01 19:35:00,Battery_6,27.13,3.9
2448,2016-08-01 19:35:00,unresponsive_loads,10000.0,3.5577
2449,2016-08-01 19:35:00,WS_export,25.669999999999998,0.0
2450,2016-08-01 19:40:00,house_1,24.846727703943582,2.20287
2451,2016-08-01 19:40:00,house_2,24.84691850631637,2.20366
2452,2016-08-01 19:40:00,house_3,24.84579571175829,2.6019
2453,2016-08-01 19:40:00,house_4,24.846880067331643,2.20222
2454,2016-08-01 19:40:00,house_5,24.846703009764823,2.20153
2455,2016-08-01 19:40:00,house_6,24.846938029120352,2.20361
2456,2016-08-01 19:40:00,Battery_1,27.13,3.9
2457,2016-08-01 19:40:00,Battery_2,27.13,3.9
2458,2016-08-01 19:40:00,Battery_3,27.13,3.9
2459,2016-08-01 19:40:00,Battery_4,27.13,3.9
2460,2016-08-01 19:40:00,Battery_5,27.13,3.9
2461,2016-08-01 19:40:00,Battery_6,27.13,3.9
2462,2016-08-01 19:40:00,unresponsive_loads,10000.0,3.5538
2463,2016-08-01 19:40:00,WS_export,25.669999999999998,0.0
2464,2016-08-01 19:45:00,house_1,24.58518317681101,2.20287
2465,2016-08-01 19:45:00,house_2,24.585372948665736,2.20366
2466,2016-08-01 19:45:00,house_3,24.584271989815424,2.6019
2467,2016-08-01 19:45:00,house_4,24.58533408521608,2.20222
2468,2016-08-01 19:45:00,house_5,24.585163851849007,2.20153
2469,2016-08-01 19:45:00,house_6,24.585389467611385,2.20361
2470,2016-08-01 19:45:00,Battery_1,27.13,3.9
2471,2016-08-01 19:45:00,Battery_2,27.13,3.9
2472,2016-08-01 19:45:00,Battery_3,27.13,3.9
2473,2016-08-01 19:45:00,Battery_4,27.13,3.9
2474,2016-08-01 19:45:00,Battery_5,27.13,3.9
2475,2016-08-01 19:45:00,Battery_6,27.13,3.9
2476,2016-08-01 19:45:00,unresponsive_loads,10000.0,3.5499
2477,2016-08-01 19:45:00,WS_export,25.33,0.0
2478,2016-08-01 19:50:00,house_1,24.339516597563517,2.20287
2479,2016-08-01 19:50:00,house_2,24.339705684709934,2.20366
2480,2016-08-01 19:50:00,house_3,24.338622940578848,2.6019
2481,2016-08-01 19:50:00,house_4,24.33966538820922,2.20222
2482,2016-08-01 19:50:00,house_5,24.3394992455331,2.20153
2483,2016-08-01 19:50:00,house_6,24.339719347949217,2.20361
2484,2016-08-01 19:50:00,Battery_1,27.13,3.9
2485,2016-08-01 19:50:00,Battery_2,27.13,3.9
2486,2016-08-01 19:50:00,Battery_3,27.13,3.9
2487,2016-08-01 19:50:00,Battery_4,27.13,3.9
2488,2016-08-01 19:50:00,Battery_5,27.13,3.9
2489,2016-08-01 19:50:00,Battery_6,27.13,3.9
2490,2016-08-01 19:50:00,unresponsive_loads,10000.0,3.6728
2491,2016-08-01 19:50:00,WS_export,25.33,0.0
2492,2016-08-01 19:55:00,house_1,24.10955103237512,2.20287
2493,2016-08-01 19:55:00,house_2,24.109739592636036,2.20366
2494,2016-08-01 19:55:00,house_3,24.10867324108198,2.6019
2495,2016-08-01 19:55:00,house_4,24.109697608056447,2.20222
2496,2016-08-01 19:55:00,house_5,24.109534586109262,2.20153
2497,2016-08-01 19:55:00,house_6,24.109750511788693,2.20361
2498,2016-08-01 19:55:00,Battery_1,27.13,3.9
2499,2016-08-01 19:55:00,Battery_2,27.13,3.9
2500,2016-08-01 19:55:00,Battery_3,27.13,3.9
2501,2016-08-01 19:55:00,Battery_4,27.13,3.9
2502,2016-08-01 19:55:00,Battery_5,27.13,3.9
2503,2016-08-01 19:55:00,Battery_6,27.13,3.9
2504,2016-08-01 19:55:00,unresponsive_loads,10000.0,3.6688
2505,2016-08-01 19:55:00,WS_export,25.33,0.0
2506,2016-08-01 20:00:00,house_1,22.471107525005696,2.20287
2507,2016-08-01 20:00:00,house_2,22.471284430220702,2.20366
2508,2016-08-01 20:00:00,house_3,22.47029587455187,2.6019
2509,2016-08-01 20:00:00,house_4,22.471243337693938,2.20222
2510,2016-08-01 20:00:00,house_5,22.47109257883481,2.20153
2511,2016-08-01 20:00:00,house_6,22.471292239673918,2.20361
2512,2016-08-01 20:00:00,Battery_1,27.13,3.9
2513,2016-08-01 20:00:00,Battery_2,27.13,3.9
2514,2016-08-01 20:00:00,Battery_3,27.13,3.9
2515,2016-08-01 20:00:00,Battery_4,27.13,3.9
2516,2016-08-01 20:00:00,Battery_5,27.13,3.9
2517,2016-08-01 20:00:00,Battery_6,27.13,3.9
2518,2016-08-01 20:00:00,unresponsive_loads,10000.0,3.6829
2519,2016-08-01 20:00:00,WS_export,26.22,0.0
2520,2016-08-01 20:05:00,house_1,22.141957011606646,2.20287
2521,2016-08-01 20:05:00,house_2,22.142132460691766,2.20366
2522,2016-08-01 20:05:00,house_3,22.14116341583867,2.6019
2523,2016-08-01 20:05:00,house_4,22.142090018110334,2.20222
2524,2016-08-01 20:05:00,house_5,22.14194256341433,2.20153
2525,2016-08-01 20:05:00,house_6,22.142137865954435,2.20361
2526,2016-08-01 20:05:00,Battery_1,27.13,3.9
2527,2016-08-01 20:05:00,Battery_2,27.13,3.9
2528,2016-08-01 20:05:00,Battery_3,27.13,3.9
2529,2016-08-01 20:05:00,Battery_4,27.13,3.9
2530,2016-08-01 20:05:00,Battery_5,27.13,3.9
2531,2016-08-01 20:05:00,Battery_6,27.13,3.9
2532,2016-08-01 20:05:00,unresponsive_loads,10000.0,4.1974
2533,2016-08-01 20:05:00,WS_export,26.22,0.0
2534,2016-08-01 20:10:00,house_1,21.843833452572728,2.20287
2535,2016-08-01 20:10:00,house_2,21.84400760597912,2.20366
2536,2016-08-01 20:10:00,house_3,21.84305676774753,2.6019
2537,2016-08-01 20:10:00,house_4,21.8439637418398,2.20222
2538,2016-08-01 20:10:00,house_5,21.843819452862068,2.20153
2539,2016-08-01 20:10:00,house_6,21.844010624741355,2.20361
2540,2016-08-01 20:10:00,Battery_1,27.13,3.9
2541,2016-08-01 20:10:00,Battery_2,27.13,3.9
2542,2016-08-01 20:10:00,Battery_3,27.13,3.9
2543,2016-08-01 20:10:00,Battery_4,27.13,3.9
2544,2016-08-01 20:10:00,Battery_5,27.13,3.9
2545,2016-08-01 20:10:00,Battery_6,27.13,3.9
2546,2016-08-01 20:10:00,unresponsive_loads,10000.0,4.1533
2547,2016-08-01 20:10:00,WS_export,26.22,0.0
2548,2016-08-01 20:15:00,house_1,21.57646087656156,2.20287
2549,2016-08-01 20:15:00,house_2,21.57663390105389,2.20366
2550,2016-08-01 20:15:00,house_3,21.575699851450086,2.6019
2551,2016-08-01 20:15:00,house_4,21.576588643208904,2.20222
2552,2016-08-01 20:15:00,house_5,21.57644727338915,2.20153
2553,2016-08-01 20:15:00,house_6,21.57663464678896,2.20361
2554,2016-08-01 20:15:00,Battery_1,27.13,3.9
2555,2016-08-01 20:15:00,Battery_2,27.13,3.9
2556,2016-08-01 20:15:00,Battery_3,27.13,3.9
2557,2016-08-01 20:15:00,Battery_4,27.13,3.9
2558,2016-08-01 20:15:00,Battery_5,27.13,3.9
2559,2016-08-01 20:15:00,Battery_6,27.13,3.9
2560,2016-08-01 20:15:00,unresponsive_loads,10000.0,4.1352
2561,2016-08-01 20:15:00,WS_export,25.74,0.0
2562,2016-08-01 20:20:00,house_1,21.340132320185372,2.20287
2563,2016-08-01 20:20:00,house_2,21.340304444201045,2.20366
2564,2016-08-01 20:20:00,house_3,21.33938570002848,2.6019
2565,2016-08-01 20:20:00,house_4,21.340257809519183,2.20222
2566,2016-08-01 20:20:00,house_5,21.340119102320863,2.20153
2567,2016-08-01 20:20:00,house_6,21.340303008404153,2.20361
2568,2016-08-01 20:20:00,Battery_1,27.13,3.9
2569,2016-08-01 20:20:00,Battery_2,27.13,3.9
2570,2016-08-01 20:20:00,Battery_3,27.13,3.9
2571,2016-08-01 20:20:00,Battery_4,27.13,3.9
2572,2016-08-01 20:20:00,Battery_5,27.13,3.9
2573,2016-08-01 20:20:00,Battery_6,27.13,3.9
2574,2016-08-01 20:20:00,unresponsive_loads,10000.0,4.1352
2575,2016-08-01 20:20:00,WS_export,25.74,0.0
2576,2016-08-01 20:25:00,house_1,21.135737360750042,2.20287
2577,2016-08-01 20:25:00,house_2,21.135908789883167,2.20366
2578,2016-08-01 20:25:00,house_3,21.135003799779785,2.6019
2579,2016-08-01 20:25:00,house_4,21.135860795353047,2.20222
2580,2016-08-01 20:25:00,house_5,21.135724479824297,2.20153
2581,2016-08-01 20:25:00,house_6,21.13590524286582,2.20361
2582,2016-08-01 20:25:00,Battery_1,27.13,3.9
2583,2016-08-01 20:25:00,Battery_2,27.13,3.9
2584,2016-08-01 20:25:00,Battery_3,27.13,3.9
2585,2016-08-01 20:25:00,Battery_4,27.13,3.9
2586,2016-08-01 20:25:00,Battery_5,27.13,3.9
2587,2016-08-01 20:25:00,Battery_6,27.13,3.9
2588,2016-08-01 20:25:00,unresponsive_loads,10000.0,4.0809
2589,2016-08-01 20:25:00,WS_export,25.74,0.0
2590,2016-08-01 20:30:00,house_1,20.9648501088842,2.20287
2591,2016-08-01 20:30:00,house_2,20.965021102724553,2.20366
2592,2016-08-01 20:30:00,house_3,20.964128284010513,2.6019
2593,2016-08-01 20:30:00,house_4,20.964971716938685,2.20222
2594,2016-08-01 20:30:00,house_5,20.96483754222805,2.20153
2595,2016-08-01 20:30:00,house_6,20.96501551476465,2.20361
2596,2016-08-01 20:30:00,Battery_1,27.13,3.9
2597,2016-08-01 20:30:00,Battery_2,27.13,3.9
2598,2016-08-01 20:30:00,Battery_3,27.13,3.9
2599,2016-08-01 20:30:00,Battery_4,27.13,3.9
2600,2016-08-01 20:30:00,Battery_5,27.13,3.9
2601,2016-08-01 20:30:00,Battery_6,27.13,3.9
2602,2016-08-01 20:30:00,unresponsive_loads,10000.0,3.8999
2603,2016-08-01 20:30:00,WS_export,27.16,0.0
2604,2016-08-01 20:35:00,house_1,20.829899268974106,2.20287
2605,2016-08-01 20:35:00,house_2,20.830070088179802,2.20366
2606,2016-08-01 20:35:00,house_3,20.82918776893385,2.6019
2607,2016-08-01 20:35:00,house_4,20.830019288240308,2.20222
2608,2016-08-01 20:35:00,house_5,20.829886981014507,2.20153
2609,2016-08-01 20:35:00,house_6,20.830062495918686,2.20361
2610,2016-08-01 20:35:00,Battery_1,27.13,3.9
2611,2016-08-01 20:35:00,Battery_2,27.13,3.9
2612,2016-08-01 20:35:00,Battery_3,27.13,3.9
2613,2016-08-01 20:35:00,Battery_4,27.13,3.9
2614,2016-08-01 20:35:00,Battery_5,27.13,3.9
2615,2016-08-01 20:35:00,Battery_6,27.13,3.9
2616,2016-08-01 20:35:00,unresponsive_loads,10000.0,3.8094
2617,2016-08-01 20:35:00,WS_export,27.16,0.0
2618,2016-08-01 20:40:00,house_1,20.734467056995527,2.20287
2619,2016-08-01 20:40:00,house_2,20.73463800869439,2.20366
2620,2016-08-01 20:40:00,house_3,20.733764393296646,2.6019
2621,2016-08-01 20:40:00,house_4,20.73458574125068,2.20222
2622,2016-08-01 20:40:00,house_5,20.73445502370203,2.20153
2623,2016-08-01 20:40:00,house_6,20.73462846944905,2.20361
2624,2016-08-01 20:40:00,Battery_1,27.13,3.9
2625,2016-08-01 20:40:00,Battery_2,27.13,3.9
2626,2016-08-01 20:40:00,Battery_3,27.13,3.9
2627,2016-08-01 20:40:00,Battery_4,27.13,3.9
2628,2016-08-01 20:40:00,Battery_5,27.13,3.9
2629,2016-08-01 20:40:00,Battery_6,27.13,3.9
2630,2016-08-01 20:40:00,unresponsive_loads,10000.0,3.918
2631,2016-08-01 20:40:00,WS_export,27.16,0.0
2632,2016-08-01 20:45:00,house_1,20.68381600102798,2.20287
2633,2016-08-01 20:45:00,house_2,20.683987453226756,2.20366
2634,2016-08-01 20:45:00,house_3,20.683120540466934,2.6019
2635,2016-08-01 20:45:00,house_4,20.683933641544673,2.20222
2636,2016-08-01 20:45:00,house_5,20.68380419643663,2.20153
2637,2016-08-01 20:45:00,house_6,20.68397596489616,2.20361
2638,2016-08-01 20:45:00,Battery_1,27.13,3.9
2639,2016-08-01 20:45:00,Battery_2,27.13,3.9
2640,2016-08-01 20:45:00,Battery_3,27.13,3.9
2641,2016-08-01 20:45:00,Battery_4,27.13,3.9
2642,2016-08-01 20:45:00,Battery_5,27.13,3.9
2643,2016-08-01 20:45:00,Battery_6,27.13,3.9
2644,2016-08-01 20:45:00,unresponsive_loads,10000.0,3.9904
2645,2016-08-01 20:45:00,WS_export,26.529999999999998,0.0
2646,2016-08-01 20:50:00,house_1,20.685862776730158,2.20287
2647,2016-08-01 20:50:00,house_2,20.68603515740062,2.20366
2648,2016-08-01 20:50:00,house_3,20.68517265888656,2.6019
2649,2016-08-01 20:50:00,house_4,20.68597969212306,2.20222
2650,2016-08-01 20:50:00,house_5,20.685851183877844,2.20153
2651,2016-08-01 20:50:00,house_6,20.686021733318896,2.20361
2652,2016-08-01 20:50:00,Battery_1,27.13,3.9
2653,2016-08-01 20:50:00,Battery_2,27.13,3.9
2654,2016-08-01 20:50:00,Battery_3,27.13,3.9
2655,2016-08-01 20:50:00,Battery_4,27.13,3.9
2656,2016-08-01 20:50:00,Battery_5,27.13,3.9
2657,2016-08-01 20:50:00,Battery_6,27.13,3.9
2658,2016-08-01 20:50:00,unresponsive_loads,10000.0,3.9904
2659,2016-08-01 20:50:00,WS_export,26.529999999999998,0.0
2660,2016-08-01 20:55:00,house_1,20.753140240339828,2.20287
2661,2016-08-01 20:55:00,house_2,20.753314077612227,2.20366
2662,2016-08-01 20:55:00,house_3,20.752453239407384,2.6019
2663,2016-08-01 20:55:00,house_4,20.75325681397815,2.20222
2664,2016-08-01 20:55:00,house_5,20.75312878814985,2.20153
2665,2016-08-01 20:55:00,house_6,20.75329869603989,2.20361
2666,2016-08-01 20:55:00,Battery_1,27.13,3.9
2667,2016-08-01 20:55:00,Battery_2,27.13,3.9
2668,2016-08-01 20:55:00,Battery_3,27.13,3.9
2669,2016-08-01 20:55:00,Battery_4,27.13,3.9
2670,2016-08-01 20:55:00,Battery_5,27.13,3.9
2671,2016-08-01 20:55:00,Battery_6,27.13,3.9
2672,2016-08-01 20:55:00,unresponsive_loads,10000.0,3.9904
2673,2016-08-01 20:55:00,WS_export,26.529999999999998,0.0
2674,2016-08-01 21:00:00,house_1,20.22377024995697,2.20287
2675,2016-08-01 21:00:00,house_2,20.223940519560898,2.20366
2676,2016-08-01 21:00:00,house_3,20.223105903022937,2.6019
2677,2016-08-01 21:00:00,house_4,20.22388316319329,2.20222
2678,2016-08-01 21:00:00,house_5,20.223759276982715,2.20153
2679,2016-08-01 21:00:00,house_6,20.223923702448534,2.20361
2680,2016-08-01 21:00:00,Battery_1,27.13,3.9
2681,2016-08-01 21:00:00,Battery_2,27.13,3.9
2682,2016-08-01 21:00:00,Battery_3,27.13,3.9
2683,2016-08-01 21:00:00,Battery_4,27.13,3.9
2684,2016-08-01 21:00:00,Battery_5,27.13,3.9
2685,2016-08-01 21:00:00,Battery_6,27.13,3.9
2686,2016-08-01 21:00:00,unresponsive_loads,10000.0,3.9542
2687,2016-08-01 21:00:00,WS_export,26.709999999999997,0.0
2688,2016-08-01 21:05:00,house_1,19.879928470451446,2.20287
2689,2016-08-01 21:05:00,house_2,19.880096713857327,2.20366
2690,2016-08-01 21:05:00,house_3,19.879280399910375,2.6019
2691,2016-08-01 21:05:00,house_4,19.88003882888599,2.20222
2692,2016-08-01 21:05:00,house_5,19.87991788115221,2.20153
2693,2016-08-01 21:05:00,house_6,19.88007840085416,2.20361
2694,2016-08-01 21:05:00,Battery_1,27.13,3.9
2695,2016-08-01 21:05:00,Battery_2,27.13,3.9
2696,2016-08-01 21:05:00,Battery_3,27.13,3.9
2697,2016-08-01 21:05:00,Battery_4,27.13,3.9
2698,2016-08-01 21:05:00,Battery_5,27.13,3.9
2699,2016-08-01 21:05:00,Battery_6,27.13,3.9
2700,2016-08-01 21:05:00,unresponsive_loads,10000.0,4.2167
2701,2016-08-01 21:05:00,WS_export,26.709999999999997,0.0
2702,2016-08-01 21:10:00,house_1,19.570423357600525,2.20287
2703,2016-08-01 21:10:00,house_2,19.570590060997908,2.20366
2704,2016-08-01 21:10:00,house_3,19.56979057716653,2.6019
2705,2016-08-01 21:10:00,house_4,19.570531445778446,2.20222
2706,2016-08-01 21:10:00,house_5,19.570413093025902,2.20153
2707,2016-08-01 21:10:00,house_6,19.570570093986902,2.20361
2708,2016-08-01 21:10:00,Battery_1,27.13,3.9
2709,2016-08-01 21:10:00,Battery_2,27.13,3.9
2710,2016-08-01 21:10:00,Battery_3,27.13,3.9
2711,2016-08-01 21:10:00,Battery_4,27.13,3.9
2712,2016-08-01 21:10:00,Battery_5,27.13,3.9
2713,2016-08-01 21:10:00,Battery_6,27.13,3.9
2714,2016-08-01 21:10:00,unresponsive_loads,10000.0,4.2348
2715,2016-08-01 21:10:00,WS_export,26.709999999999997,0.0
2716,2016-08-01 21:15:00,house_1,19.2930067584903,2.20287
2717,2016-08-01 21:15:00,house_2,19.293172093090593,2.20366
2718,2016-08-01 21:15:00,house_3,19.292387799616282,2.6019
2719,2016-08-01 21:15:00,house_4,19.293112795369073,2.20222
2720,2016-08-01 21:15:00,house_5,19.292996795160896,2.20153
2721,2016-08-01 21:15:00,house_6,19.293150614020163,2.20361
2722,2016-08-01 21:15:00,Battery_1,27.13,3.9
2723,2016-08-01 21:15:00,Battery_2,27.13,3.9
2724,2016-08-01 21:15:00,Battery_3,27.13,3.9
2725,2016-08-01 21:15:00,Battery_4,27.13,3.9
2726,2016-08-01 21:15:00,Battery_5,27.13,3.9
2727,2016-08-01 21:15:00,Battery_6,27.13,3.9
2728,2016-08-01 21:15:00,unresponsive_loads,10000.0,4.2348
2729,2016-08-01 21:15:00,WS_export,25.599999999999998,0.0
2730,2016-08-01 21:20:00,house_1,19.046353941396703,2.20287
2731,2016-08-01 21:20:00,house_2,19.046518119023023,2.20366
2732,2016-08-01 21:20:00,house_3,19.045747560725545,2.6019
2733,2016-08-01 21:20:00,house_4,19.046458119732392,2.20222
2734,2016-08-01 21:20:00,house_5,19.046344275364504,2.20153
2735,2016-08-01 21:20:00,house_6,19.046495178069026,2.20361
2736,2016-08-01 21:20:00,Battery_1,27.13,3.9
2737,2016-08-01 21:20:00,Battery_2,27.13,3.9
2738,2016-08-01 21:20:00,Battery_3,27.13,3.9
2739,2016-08-01 21:20:00,Battery_4,27.13,3.9
2740,2016-08-01 21:20:00,Battery_5,27.13,3.9
2741,2016-08-01 21:20:00,Battery_6,27.13,3.9
2742,2016-08-01 21:20:00,unresponsive_loads,10000.0,4.2348
2743,2016-08-01 21:20:00,WS_export,25.599999999999998,0.0
2744,2016-08-01 21:25:00,house_1,18.82989425834864,2.20287
2745,2016-08-01 21:25:00,house_2,18.83005748279082,2.20366
2746,2016-08-01 21:25:00,house_3,18.82929931243156,2.6019
2747,2016-08-01 21:25:00,house_4,18.829996746630627,2.20222
2748,2016-08-01 21:25:00,house_5,18.82988486253588,2.20153
2749,2016-08-01 21:25:00,house_6,18.830033118391718,2.20361
2750,2016-08-01 21:25:00,Battery_1,27.13,3.9
2751,2016-08-01 21:25:00,Battery_2,27.13,3.9
2752,2016-08-01 21:25:00,Battery_3,27.13,3.9
2753,2016-08-01 21:25:00,Battery_4,27.13,3.9
2754,2016-08-01 21:25:00,Battery_5,27.13,3.9
2755,2016-08-01 21:25:00,Battery_6,27.13,3.9
2756,2016-08-01 21:25:00,unresponsive_loads,10000.0,4.2348
2757,2016-08-01 21:25:00,WS_export,25.599999999999998,0.0
2758,2016-08-01 21:30:00,house_1,18.6437438302289,2.20287
2759,2016-08-01 21:30:00,house_2,18.64390632139778,2.20366
2760,2016-08-01 21:30:00,house_3,18.643159191807296,2.6019
2761,2016-08-01 21:30:00,house_4,18.643844795413795,2.20222
2762,2016-08-01 21:30:00,house_5,18.643734678096024,2.20153
2763,2016-08-01 21:30:00,house_6,18.643880551960468,2.20361
2764,2016-08-01 21:30:00,Battery_1,27.13,3.9
2765,2016-08-01 21:30:00,Battery_2,27.13,3.9
2766,2016-08-01 21:30:00,Battery_3,27.13,3.9
2767,2016-08-01 21:30:00,Battery_4,27.13,3.9
2768,2016-08-01 21:30:00,Battery_5,27.13,3.9
2769,2016-08-01 21:30:00,Battery_6,27.13,3.9
2770,2016-08-01 21:30:00,unresponsive_loads,10000.0,4.2348
2771,2016-08-01 21:30:00,WS_export,23.86,0.0
2772,2016-08-01 21:35:00,house_1,18.488719086136978,2.20287
2773,2016-08-01 21:35:00,house_2,18.488881095428244,2.20366
2774,2016-08-01 21:35:00,house_3,18.488143665360134,2.6019
2775,2016-08-01 21:35:00,house_4,18.488818716584085,2.20222
2776,2016-08-01 21:35:00,house_5,18.488710184285367,2.20153
2777,2016-08-01 21:35:00,house_6,18.48885391888207,2.20361
2778,2016-08-01 21:35:00,Battery_1,27.13,3.9
2779,2016-08-01 21:35:00,Battery_2,27.13,3.9
2780,2016-08-01 21:35:00,Battery_3,27.13,3.9
2781,2016-08-01 21:35:00,Battery_4,27.13,3.9
2782,2016-08-01 21:35:00,Battery_5,27.13,3.9
2783,2016-08-01 21:35:00,Battery_6,27.13,3.9
2784,2016-08-01 21:35:00,unresponsive_loads,10000.0,4.4167
2785,2016-08-01 21:35:00,WS_export,23.86,0.0
2786,2016-08-01 21:40:00,house_1,18.366434956501273,2.20287
2787,2016-08-01 21:40:00,house_2,18.366596712113047,2.20366
2788,2016-08-01 21:40:00,house_3,18.365867621199627,2.6019
2789,2016-08-01 21:40:00,house_4,18.36653340480055,2.20222
2790,2016-08-01 21:40:00,house_5,18.36642625664358,2.20153
2791,2016-08-01 21:40:00,house_6,18.366568135501844,2.20361
2792,2016-08-01 21:40:00,Battery_1,27.13,3.9
2793,2016-08-01 21:40:00,Battery_2,27.13,3.9
2794,2016-08-01 21:40:00,Battery_3,27.13,3.9
2795,2016-08-01 21:40:00,Battery_4,27.13,3.9
2796,2016-08-01 21:40:00,Battery_5,27.13,3.9
2797,2016-08-01 21:40:00,Battery_6,27.13,3.9
2798,2016-08-01 21:40:00,unresponsive_loads,10000.0,4.4167
2799,2016-08-01 21:40:00,WS_export,23.86,0.0
2800,2016-08-01 21:45:00,house_1,18.279516930753488,2.20287
2801,2016-08-01 21:45:00,house_2,18.279678719405446,2.20366
2802,2016-08-01 21:45:00,house_3,18.27895648553285,2.6019
2803,2016-08-01 21:45:00,house_4,18.279614391205442,2.20222
2804,2016-08-01 21:45:00,house_5,18.279508427811255,2.20153
2805,2016-08-01 21:45:00,house_6,18.27964871613549,2.20361
2806,2016-08-01 21:45:00,Battery_1,27.13,3.9
2807,2016-08-01 21:45:00,Battery_2,27.13,3.9
2808,2016-08-01 21:45:00,Battery_3,27.13,3.9
2809,2016-08-01 21:45:00,Battery_4,27.13,3.9
2810,2016-08-01 21:45:00,Battery_5,27.13,3.9
2811,2016-08-01 21:45:00,Battery_6,27.13,3.9
2812,2016-08-01 21:45:00,unresponsive_loads,10000.0,4.4167
2813,2016-08-01 21:45:00,WS_export,23.18,0.0
2814,2016-08-01 21:50:00,house_1,18.23199912088282,2.20287
2815,2016-08-01 21:50:00,house_2,18.232161260984256,2.20366
2816,2016-08-01 21:50:00,house_3,18.231444308811003,2.6019
2817,2016-08-01 21:50:00,house_4,18.2320958075259,2.20222
2818,2016-08-01 21:50:00,house_5,18.231990797897893,2.20153
2819,2016-08-01 21:50:00,house_6,18.232129808226613,2.20361
2820,2016-08-01 21:50:00,Battery_1,27.13,3.9
2821,2016-08-01 21:50:00,Battery_2,27.13,3.9
2822,2016-08-01 21:50:00,Battery_3,27.13,3.9
2823,2016-08-01 21:50:00,Battery_4,27.13,3.9
2824,2016-08-01 21:50:00,Battery_5,27.13,3.9
2825,2016-08-01 21:50:00,Battery_6,27.13,3.9
2826,2016-08-01 21:50:00,unresponsive_loads,10000.0,4.4348
2827,2016-08-01 21:50:00,WS_export,23.18,0.0
2828,2016-08-01 21:55:00,house_1,18.2300725610927,2.20287
2829,2016-08-01 21:55:00,house_2,18.230235429751662,2.20366
2830,2016-08-01 21:55:00,house_3,18.229521955852046,2.6019
2831,2016-08-01 21:55:00,house_4,18.23016870503686,2.20222
2832,2016-08-01 21:55:00,house_5,18.230064388564816,2.20153
2833,2016-08-01 21:55:00,house_6,18.230202473163825,2.20361
2834,2016-08-01 21:55:00,Battery_1,27.13,3.9
2835,2016-08-01 21:55:00,Battery_2,27.13,3.9
2836,2016-08-01 21:55:00,Battery_3,27.13,3.9
2837,2016-08-01 21:55:00,Battery_4,27.13,3.9
2838,2016-08-01 21:55:00,Battery_5,27.13,3.9
2839,2016-08-01 21:55:00,Battery_6,27.13,3.9
2840,2016-08-01 21:55:00,unresponsive_loads,10000.0,4.5435
2841,2016-08-01 21:55:00,WS_export,23.18,0.0
2842,2016-08-01 22:00:00,house_1,18.043274078543263,2.20287
2843,2016-08-01 22:00:00,house_2,18.04343599056017,2.20366
2844,2016-08-01 22:00:00,house_3,18.042733163152274,2.6019
2845,2016-08-01 22:00:00,house_4,18.043368688949382,2.20222
2846,2016-08-01 22:00:00,house_5,18.04326612937603,2.20153
2847,2016-08-01 22:00:00,house_6,18.043401890150708,2.20361
2848,2016-08-01 22:00:00,Battery_1,27.13,3.9
2849,2016-08-01 22:00:00,Battery_2,27.13,3.9
2850,2016-08-01 22:00:00,Battery_3,27.13,3.9
2851,2016-08-01 22:00:00,Battery_4,27.13,3.9
2852,2016-08-01 22:00:00,Battery_5,27.13,3.9
2853,2016-08-01 22:00:00,Battery_6,27.13,3.9
2854,2016-08-01 22:00:00,unresponsive_loads,10000.0,4.4167
2855,2016-08-01 22:00:00,WS_export,22.669999999999998,0.0
2856,2016-08-01 22:05:00,house_1,17.9168595391527,2.20287
2857,2016-08-01 22:05:00,house_2,17.917020998224093,2.20366
2858,2016-08-01 22:05:00,house_3,17.916326424281557,2.6019
2859,2016-08-01 22:05:00,house_4,17.916952940277156,2.20222
2860,2016-08-01 22:05:00,house_5,17.91685179718685,2.20153
2861,2016-08-01 22:05:00,house_6,17.91698569499827,2.20361
2862,2016-08-01 22:05:00,Battery_1,27.13,3.9
2863,2016-08-01 22:05:00,Battery_2,27.13,3.9
2864,2016-08-01 22:05:00,Battery_3,27.13,3.9
2865,2016-08-01 22:05:00,Battery_4,27.13,3.9
2866,2016-08-01 22:05:00,Battery_5,27.13,3.9
2867,2016-08-01 22:05:00,Battery_6,27.13,3.9
2868,2016-08-01 22:05:00,unresponsive_loads,10000.0,4.0188
2869,2016-08-01 22:05:00,WS_export,22.669999999999998,0.0
2870,2016-08-01 22:10:00,house_1,17.804504417838917,2.20287
2871,2016-08-01 22:10:00,house_2,17.804665262357105,2.20366
2872,2016-08-01 22:10:00,house_3,17.80397790867041,2.6019
2873,2016-08-01 22:10:00,house_4,17.80459670701261,2.20222
2874,2016-08-01 22:10:00,house_5,17.80449688414441,2.20153
2875,2016-08-01 22:10:00,house_6,17.80462907587842,2.20361
2876,2016-08-01 22:10:00,Battery_1,27.13,3.9
2877,2016-08-01 22:10:00,Battery_2,27.13,3.9
2878,2016-08-01 22:10:00,Battery_3,27.13,3.9
2879,2016-08-01 22:10:00,Battery_4,27.13,3.9
2880,2016-08-01 22:10:00,Battery_5,27.13,3.9
2881,2016-08-01 22:10:00,Battery_6,27.13,3.9
2882,2016-08-01 22:10:00,unresponsive_loads,10000.0,4.0007
2883,2016-08-01 22:10:00,WS_export,22.669999999999998,0.0
2884,2016-08-01 22:15:00,house_1,17.541192211087974,2.20287
2885,2016-08-01 22:15:00,house_2,17.54135112082269,2.20366
2886,2016-08-01 22:15:00,house_3,17.540676960858857,2.6019
2887,2016-08-01 22:15:00,house_4,17.541282577744337,2.20222
2888,2016-08-01 22:15:00,house_5,17.541184938724122,2.20153
2889,2016-08-01 22:15:00,house_6,17.5413142829352,2.20361
2890,2016-08-01 22:15:00,Battery_1,27.13,3.9
2891,2016-08-01 22:15:00,Battery_2,27.13,3.9
2892,2016-08-01 22:15:00,Battery_3,27.13,3.9
2893,2016-08-01 22:15:00,Battery_4,27.13,3.9
2894,2016-08-01 22:15:00,Battery_5,27.13,3.9
2895,2016-08-01 22:15:00,Battery_6,27.13,3.9
2896,2016-08-01 22:15:00,unresponsive_loads,10000.0,4.0007
2897,2016-08-01 22:15:00,WS_export,23.0,0.0
2898,2016-08-01 22:20:00,house_1,17.305503039448677,2.20287
2899,2016-08-01 22:20:00,house_2,17.305660253699948,2.20366
2900,2016-08-01 22:20:00,house_3,17.304998194230528,2.6019
2901,2016-08-01 22:20:00,house_4,17.305591625519483,2.20222
2902,2016-08-01 22:20:00,house_5,17.305496011029085,2.20153
2903,2016-08-01 22:20:00,house_6,17.305622728064776,2.20361
2904,2016-08-01 22:20:00,Battery_1,27.13,3.9
2905,2016-08-01 22:20:00,Battery_2,27.13,3.9
2906,2016-08-01 22:20:00,Battery_3,27.13,3.9
2907,2016-08-01 22:20:00,Battery_4,27.13,3.9
2908,2016-08-01 22:20:00,Battery_5,27.13,3.9
2909,2016-08-01 22:20:00,Battery_6,27.13,3.9
2910,2016-08-01 22:20:00,unresponsive_loads,10000.0,4.0007
2911,2016-08-01 22:20:00,WS_export,23.0,0.0
2912,2016-08-01 22:25:00,house_1,17.095941037640305,2.20287
2913,2016-08-01 22:25:00,house_2,17.096096773822012,2.20366
2914,2016-08-01 22:25:00,house_3,17.09544573834434,2.6019
2915,2016-08-01 22:25:00,house_4,17.09602800161893,2.20222
2916,2016-08-01 22:25:00,house_5,17.095934228944554,2.20153
2917,2016-08-01 22:25:00,house_6,17.096058543871575,2.20361
2918,2016-08-01 22:25:00,Battery_1,27.13,3.9
2919,2016-08-01 22:25:00,Battery_2,27.13,3.9
2920,2016-08-01 22:25:00,Battery_3,27.13,3.9
2921,2016-08-01 22:25:00,Battery_4,27.13,3.9
2922,2016-08-01 22:25:00,Battery_5,27.13,3.9
2923,2016-08-01 22:25:00,Battery_6,27.13,3.9
2924,2016-08-01 22:25:00,unresponsive_loads,10000.0,4.0007
2925,2016-08-01 22:25:00,WS_export,23.0,0.0
2926,2016-08-01 22:30:00,house_1,16.91168592601347,2.20287
2927,2016-08-01 22:30:00,house_2,16.911840408679446,2.20366
2928,2016-08-01 22:30:00,house_3,16.911199358839205,2.6019
2929,2016-08-01 22:30:00,house_4,16.911771421931743,2.20222
2930,2016-08-01 22:30:00,house_5,16.911679334581237,2.20153
2931,2016-08-01 22:30:00,house_6,16.91180146387096,2.20361
2932,2016-08-01 22:30:00,Battery_1,27.13,3.9
2933,2016-08-01 22:30:00,Battery_2,27.13,3.9
2934,2016-08-01 22:30:00,Battery_3,27.13,3.9
2935,2016-08-01 22:30:00,Battery_4,27.13,3.9
2936,2016-08-01 22:30:00,Battery_5,27.13,3.9
2937,2016-08-01 22:30:00,Battery_6,27.13,3.9
2938,2016-08-01 22:30:00,unresponsive_loads,10000.0,4.0007
2939,2016-08-01 22:30:00,WS_export,21.29,0.0
2940,2016-08-01 22:35:00,house_1,16.752495696918007,2.20287
2941,2016-08-01 22:35:00,house_2,16.752649121787602,2.20366
2942,2016-08-01 22:35:00,house_3,16.752017043164546,2.6019
2943,2016-08-01 22:35:00,house_4,16.75257985548961,2.20222
2944,2016-08-01 22:35:00,house_5,16.752489300893945,2.20153
2945,2016-08-01 22:35:00,house_6,16.75260943799102,2.20361
2946,2016-08-01 22:35:00,Battery_1,27.13,3.9
2947,2016-08-01 22:35:00,Battery_2,27.13,3.9
2948,2016-08-01 22:35:00,Battery_3,27.13,3.9
2949,2016-08-01 22:35:00,Battery_4,27.13,3.9
2950,2016-08-01 22:35:00,Battery_5,27.13,3.9
2951,2016-08-01 22:35:00,Battery_6,27.13,3.9
2952,2016-08-01 22:35:00,unresponsive_loads,10000.0,3.9826
2953,2016-08-01 22:35:00,WS_export,21.29,0.0
2954,2016-08-01 22:40:00,house_1,16.61867917406738,2.20287
2955,2016-08-01 22:40:00,house_2,16.618831761960912,2.20366
2956,2016-08-01 22:40:00,house_3,16.618207607848223,2.6019
2957,2016-08-01 22:40:00,house_4,16.61876214513534,2.20222
2958,2016-08-01 22:40:00,house_5,16.618672962393195,2.20153
2959,2016-08-01 22:40:00,house_6,16.618791317920806,2.20361
2960,2016-08-01 22:40:00,Battery_1,27.13,3.9
2961,2016-08-01 22:40:00,Battery_2,27.13,3.9
2962,2016-08-01 22:40:00,Battery_3,27.13,3.9
2963,2016-08-01 22:40:00,Battery_4,27.13,3.9
2964,2016-08-01 22:40:00,Battery_5,27.13,3.9
2965,2016-08-01 22:40:00,Battery_6,27.13,3.9
2966,2016-08-01 22:40:00,unresponsive_loads,10000.0,4.055
2967,2016-08-01 22:40:00,WS_export,21.29,0.0
2968,2016-08-01 22:45:00,house_1,16.51113108836882,2.20287
2969,2016-08-01 22:45:00,house_2,16.511283069486783,2.20366
2970,2016-08-01 22:45:00,house_3,16.51066579850006,2.6019
2971,2016-08-01 22:45:00,house_4,16.511213004512822,2.20222
2972,2016-08-01 22:45:00,house_5,16.51112504041771,2.20153
2973,2016-08-01 22:45:00,house_6,16.511241827226403,2.20361
2974,2016-08-01 22:45:00,Battery_1,27.13,3.9
2975,2016-08-01 22:45:00,Battery_2,27.13,3.9
2976,2016-08-01 22:45:00,Battery_3,27.13,3.9
2977,2016-08-01 22:45:00,Battery_4,27.13,3.9
2978,2016-08-01 22:45:00,Battery_5,27.13,3.9
2979,2016-08-01 22:45:00,Battery_6,27.13,3.9
2980,2016-08-01 22:45:00,unresponsive_loads,10000.0,4.0007
2981,2016-08-01 22:45:00,WS_export,21.49,0.0
2982,2016-08-01 22:50:00,house_1,16.431439131831482,2.20287
2983,2016-08-01 22:50:00,house_2,16.431590753689914,2.20366
2984,2016-08-01 22:50:00,house_3,16.430979271425254,2.6019
2985,2016-08-01 22:50:00,house_4,16.431520159194598,2.20222
2986,2016-08-01 22:50:00,house_5,16.43143324657258,2.20153
2987,2016-08-01 22:50:00,house_6,16.43154866614896,2.20361
2988,2016-08-01 22:50:00,Battery_1,27.13,3.9
2989,2016-08-01 22:50:00,Battery_2,27.13,3.9
2990,2016-08-01 22:50:00,Battery_3,27.13,3.9
2991,2016-08-01 22:50:00,Battery_4,27.13,3.9
2992,2016-08-01 22:50:00,Battery_5,27.13,3.9
2993,2016-08-01 22:50:00,Battery_6,27.13,3.9
2994,2016-08-01 22:50:00,unresponsive_loads,10000.0,4.0007
2995,2016-08-01 22:50:00,WS_export,21.49,0.0
2996,2016-08-01 22:55:00,house_1,16.38209535645864,2.20287
2997,2016-08-01 22:55:00,house_2,16.382246881843614,2.20366
2998,2016-08-01 22:55:00,house_3,16.381640016171136,2.6019
2999,2016-08-01 22:55:00,house_4,16.382175642564448,2.20222
3000,2016-08-01 22:55:00,house_5,16.38208961317023,2.20153
3001,2016-08-01 22:55:00,house_6,16.38220389872511,2.20361
3002,2016-08-01 22:55:00,Battery_1,27.13,3.9
3003,2016-08-01 22:55:00,Battery_2,27.13,3.9
3004,2016-08-01 22:55:00,Battery_3,27.13,3.9
3005,2016-08-01 22:55:00,Battery_4,27.13,3.9
3006,2016-08-01 22:55:00,Battery_5,27.13,3.9
3007,2016-08-01 22:55:00,Battery_6,27.13,3.9
3008,2016-08-01 22:55:00,unresponsive_loads,10000.0,3.9645
3009,2016-08-01 22:55:00,WS_export,21.49,0.0
3010,2016-08-01 23:00:00,house_1,16.118978603959444,2.20287
3011,2016-08-01 23:00:00,house_2,16.119128053120644,2.20366
3012,2016-08-01 23:00:00,house_3,16.118533640893595,2.6019
3013,2016-08-01 23:00:00,house_4,16.119057123303953,2.20222
3014,2016-08-01 23:00:00,house_5,16.118973076148915,2.20153
3015,2016-08-01 23:00:00,house_6,16.119084764872657,2.20361
3016,2016-08-01 23:00:00,Battery_1,27.13,3.9
3017,2016-08-01 23:00:00,Battery_2,27.13,3.9
3018,2016-08-01 23:00:00,Battery_3,27.13,3.9
3019,2016-08-01 23:00:00,Battery_4,27.13,3.9
3020,2016-08-01 23:00:00,Battery_5,27.13,3.9
3021,2016-08-01 23:00:00,Battery_6,27.13,3.9
3022,2016-08-01 23:00:00,unresponsive_loads,10000.0,3.9826
3023,2016-08-01 23:00:00,WS_export,22.95,0.0
3024,2016-08-01 23:05:00,house_1,15.944033623400728,2.20287
3025,2016-08-01 23:05:00,house_2,15.944181790188178,2.20366
3026,2016-08-01 23:05:00,house_3,15.94359648625217,2.6019
3027,2016-08-01 23:05:00,house_4,15.944110812615271,2.20222
3028,2016-08-01 23:05:00,house_5,15.944028278250515,2.20153
3029,2016-08-01 23:05:00,house_6,15.944137997264047,2.20361
3030,2016-08-01 23:05:00,Battery_1,27.13,3.9
3031,2016-08-01 23:05:00,Battery_2,27.13,3.9
3032,2016-08-01 23:05:00,Battery_3,27.13,3.9
3033,2016-08-01 23:05:00,Battery_4,27.13,3.9
3034,2016-08-01 23:05:00,Battery_5,27.13,3.9
3035,2016-08-01 23:05:00,Battery_6,27.13,3.9
3036,2016-08-01 23:05:00,unresponsive_loads,10000.0,3.224
3037,2016-08-01 23:05:00,WS_export,22.95,0.0
3038,2016-08-01 23:10:00,house_1,15.789548953601718,2.20287
3039,2016-08-01 23:10:00,house_2,15.789695573130935,2.20366
3040,2016-08-01 23:10:00,house_3,15.789117338297002,2.6019
3041,2016-08-01 23:10:00,house_4,15.789625167564065,2.20222
3042,2016-08-01 23:10:00,house_5,15.78954378438014,2.20153
3043,2016-08-01 23:10:00,house_6,15.789651966647897,2.20361
3044,2016-08-01 23:10:00,Battery_1,27.13,3.9
3045,2016-08-01 23:10:00,Battery_2,27.13,3.9
3046,2016-08-01 23:10:00,Battery_3,27.13,3.9
3047,2016-08-01 23:10:00,Battery_4,27.13,3.9
3048,2016-08-01 23:10:00,Battery_5,27.13,3.9
3049,2016-08-01 23:10:00,Battery_6,27.13,3.9
3050,2016-08-01 23:10:00,unresponsive_loads,10000.0,3.4231
3051,2016-08-01 23:10:00,WS_export,22.95,0.0
3052,2016-08-01 23:15:00,house_1,15.65530016326364,2.20287
3053,2016-08-01 23:15:00,house_2,15.655445584284399,2.20366
3054,2016-08-01 23:15:00,house_3,15.654874012682027,2.6019
3055,2016-08-01 23:15:00,house_4,15.655375424311092,2.20222
3056,2016-08-01 23:15:00,house_5,15.655295154537024,2.20153
3057,2016-08-01 23:15:00,house_6,15.65540186445987,2.20361
3058,2016-08-01 23:15:00,Battery_1,27.13,3.9
3059,2016-08-01 23:15:00,Battery_2,27.13,3.9
3060,2016-08-01 23:15:00,Battery_3,27.13,3.9
3061,2016-08-01 23:15:00,Battery_4,27.13,3.9
3062,2016-08-01 23:15:00,Battery_5,27.13,3.9
3063,2016-08-01 23:15:00,Battery_6,27.13,3.9
3064,2016-08-01 23:15:00,unresponsive_loads,10000.0,3.4231
3065,2016-08-01 23:15:00,WS_export,22.0,0.0
3066,2016-08-01 23:20:00,house_1,15.541441079046752,2.20287
3067,2016-08-01 23:20:00,house_2,15.54158552893021,2.20366
3068,2016-08-01 23:20:00,house_3,15.541019977140161,2.6019
3069,2016-08-01 23:20:00,house_4,15.541515472263738,2.20222
3070,2016-08-01 23:20:00,house_5,15.541436227048067,2.20153
3071,2016-08-01 23:20:00,house_6,15.541541579746823,2.20361
3072,2016-08-01 23:20:00,Battery_1,27.13,3.9
3073,2016-08-01 23:20:00,Battery_2,27.13,3.9
3074,2016-08-01 23:20:00,Battery_3,27.13,3.9
3075,2016-08-01 23:20:00,Battery_4,27.13,3.9
3076,2016-08-01 23:20:00,Battery_5,27.13,3.9
3077,2016-08-01 23:20:00,Battery_6,27.13,3.9
3078,2016-08-01 23:20:00,unresponsive_loads,10000.0,3.4231
3079,2016-08-01 23:20:00,WS_export,22.0,0.0
3080,2016-08-01 23:25:00,house_1,15.448524013765224,2.20287
3081,2016-08-01 23:25:00,house_2,15.448667663419215,2.20366
3082,2016-08-01 23:25:00,house_3,15.448107419968721,2.6019
3083,2016-08-01 23:25:00,house_4,15.448597638950018,2.20222
3084,2016-08-01 23:25:00,house_5,15.448519300116674,2.20153
3085,2016-08-01 23:25:00,house_6,15.448623456367129,2.20361
3086,2016-08-01 23:25:00,Battery_1,27.13,3.9
3087,2016-08-01 23:25:00,Battery_2,27.13,3.9
3088,2016-08-01 23:25:00,Battery_3,27.13,3.9
3089,2016-08-01 23:25:00,Battery_4,27.13,3.9
3090,2016-08-01 23:25:00,Battery_5,27.13,3.9
3091,2016-08-01 23:25:00,Battery_6,27.13,3.9
3092,2016-08-01 23:25:00,unresponsive_loads,10000.0,3.4231
3093,2016-08-01 23:25:00,WS_export,22.0,0.0
3094,2016-08-01 23:30:00,house_1,15.377555078974948,2.20287
3095,2016-08-01 23:30:00,house_2,15.377698140967642,2.20366
3096,2016-08-01 23:30:00,house_3,15.377142389459097,2.6019
3097,2016-08-01 23:30:00,house_4,15.377628044744322,2.20222
3098,2016-08-01 23:30:00,house_5,15.37755050497339,2.20153
3099,2016-08-01 23:30:00,house_6,15.377653610534185,2.20361
3100,2016-08-01 23:30:00,Battery_1,27.13,3.9
3101,2016-08-01 23:30:00,Battery_2,27.13,3.9
3102,2016-08-01 23:30:00,Battery_3,27.13,3.9
3103,2016-08-01 23:30:00,Battery_4,27.13,3.9
3104,2016-08-01 23:30:00,Battery_5,27.13,3.9
3105,2016-08-01 23:30:00,Battery_6,27.13,3.9
3106,2016-08-01 23:30:00,unresponsive_loads,10000.0,3.0611
3107,2016-08-01 23:30:00,WS_export,21.06,0.0
3108,2016-08-01 23:35:00,house_1,15.330104409327184,2.20287
3109,2016-08-01 23:35:00,house_2,15.330247086423771,2.20366
3110,2016-08-01 23:35:00,house_3,15.329694964500034,2.6019
3111,2016-08-01 23:35:00,house_4,15.330176839457453,2.20222
3112,2016-08-01 23:35:00,house_5,15.330099958386747,2.20153
3113,2016-08-01 23:35:00,house_6,15.330202194081409,2.20361
3114,2016-08-01 23:35:00,Battery_1,27.13,3.9
3115,2016-08-01 23:35:00,Battery_2,27.13,3.9
3116,2016-08-01 23:35:00,Battery_3,27.13,3.9
3117,2016-08-01 23:35:00,Battery_4,27.13,3.9
3118,2016-08-01 23:35:00,Battery_5,27.13,3.9
3119,2016-08-01 23:35:00,Battery_6,27.13,3.9
3120,2016-08-01 23:35:00,unresponsive_loads,10000.0,3.0249
3121,2016-08-01 23:35:00,WS_export,21.06,0.0
3122,2016-08-01 23:40:00,house_1,15.308501862460263,2.20287
3123,2016-08-01 23:40:00,house_2,15.308644397052598,2.20366
3124,2016-08-01 23:40:00,house_3,15.308094943453726,2.6019
3125,2016-08-01 23:40:00,house_4,15.308573873695837,2.20222
3126,2016-08-01 23:40:00,house_5,15.30849752702846,2.20153
3127,2016-08-01 23:40:00,house_6,15.30859906184565,2.20361
3128,2016-08-01 23:40:00,Battery_1,27.13,3.9
3129,2016-08-01 23:40:00,Battery_2,27.13,3.9
3130,2016-08-01 23:40:00,Battery_3,27.13,3.9
3131,2016-08-01 23:40:00,Battery_4,27.13,3.9
3132,2016-08-01 23:40:00,Battery_5,27.13,3.9
3133,2016-08-01 23:40:00,Battery_6,27.13,3.9
3134,2016-08-01 23:40:00,unresponsive_loads,10000.0,2.8982
3135,2016-08-01 23:40:00,WS_export,21.06,0.0
3136,2016-08-01 23:45:00,house_1,15.316183709316809,2.20287
3137,2016-08-01 23:45:00,house_2,15.31632636766856,2.20366
3138,2016-08-01 23:45:00,house_3,15.315778516310372,2.6019
3139,2016-08-01 23:45:00,house_4,15.316255441450958,2.20222
3140,2016-08-01 23:45:00,house_5,15.316179472474687,2.20153
3141,2016-08-01 23:45:00,house_6,15.3162805124388,2.20361
3142,2016-08-01 23:45:00,Battery_1,27.13,3.9
3143,2016-08-01 23:45:00,Battery_2,27.13,3.9
3144,2016-08-01 23:45:00,Battery_3,27.13,3.9
3145,2016-08-01 23:45:00,Battery_4,27.13,3.9
3146,2016-08-01 23:45:00,Battery_5,27.13,3.9
3147,2016-08-01 23:45:00,Battery_6,27.13,3.9
3148,2016-08-01 23:45:00,unresponsive_loads,10000.0,2.8982
3149,2016-08-01 23:45:00,WS_export,20.729999999999997,0.0
3150,2016-08-01 23:50:00,house_1,15.35833603597909,2.20287
3151,2016-08-01 23:50:00,house_2,15.358479142106212,2.20366
3152,2016-08-01 23:50:00,house_3,15.357931652784105,2.6019
3153,2016-08-01 23:50:00,house_4,15.358407660324264,2.20222
3154,2016-08-01 23:50:00,house_5,15.358331898105767,2.20153
3155,2016-08-01 23:50:00,house_6,15.358432671164774,2.20361
3156,2016-08-01 23:50:00,Battery_1,27.13,3.9
3157,2016-08-01 23:50:00,Battery_2,27.13,3.9
3158,2016-08-01 23:50:00,Battery_3,27.13,3.9
3159,2016-08-01 23:50:00,Battery_4,27.13,3.9
3160,2016-08-01 23:50:00,Battery_5,27.13,3.9
3161,2016-08-01 23:50:00,Battery_6,27.13,3.9
3162,2016-08-01 23:50:00,unresponsive_loads,10000.0,2.8982
3163,2016-08-01 23:50:00,WS_export,20.729999999999997,0.0
3164,2016-08-01 23:55:00,house_1,15.443196576171484,2.20287
3165,2016-08-01 23:55:00,house_2,15.443340522080153,2.20366
3166,2016-08-01 23:55:00,house_3,15.442791874409505,2.6019
3167,2016-08-01 23:55:00,house_4,15.443268291141274,2.20222
3168,2016-08-01 23:55:00,house_5,15.443192527122223,2.20153
3169,2016-08-01 23:55:00,house_6,15.443293303069222,2.20361
3170,2016-08-01 23:55:00,Battery_1,27.13,3.9
3171,2016-08-01 23:55:00,Battery_2,27.13,3.9
3172,2016-08-01 23:55:00,Battery_3,27.13,3.9
3173,2016-08-01 23:55:00,Battery_4,27.13,3.9
3174,2016-08-01 23:55:00,Battery_5,27.13,3.9
3175,2016-08-01 23:55:00,Battery_6,27.13,3.9
3176,2016-08-01 23:55:00,unresponsive_loads,10000.0,2.8982
3177,2016-08-01 23:55:00,WS_export,20.729999999999997,0.0
